"Longitude (x)","Latitude (y)","Station Name","Climate ID","Date/Time (UTC)","Year","Month","Day","Time (UTC)","Temp (°C)","Temp Flag","Dew Point Temp (°C)","Dew Point Temp Flag","Rel Hum (%)","Rel Hum Flag","Precip. Amount (mm)","Precip. Amount Flag","Wind Dir (10s deg)","Wind Dir Flag","Wind Spd (km/h)","Wind Spd Flag","Visibility (km)","Visibility Flag","Stn Press (kPa)","Stn Press Flag","Hmdx","Hmdx Flag","Wind Chill","Wind Chill Flag","Weather"
"-79.91","43.29","HAMILTON RBG CS","6153301","2015-10-01 00:00","2015","10","01","00:00","13.1","","2.0","","47","","0.0","","2","","5","","","","100.91","","","","","","NA"
"-79.91","43.29","HAMILTON RBG CS","6153301","2015-10-01 01:00","2015","10","01","01:00","12.5","","1.7","","48","","0.0","","2","","7","","","","100.98","","","","","","NA"
"-79.91","43.29","HAMILTON RBG CS","6153301","2015-10-01 02:00","2015","10","01","02:00","12.4","","2.1","","49","","0.0","","3","","7","","","","101.04","","","","","","NA"
"-79.91","43.29","HAMILTON RBG CS","6153301","2015-10-01 03:00","2015","10","01","03:00","12.2","","2.0","","50","","0.0","","3","","10","","","","101.08","","","","","","NA"
"-79.91","43.29","HAMILTON RBG CS","6153301","2015-10-01 04:00","2015","10","01","04:00","11.3","","2.2","","54","","0.0","","4","","9","","","","101.12","","","","","","NA"
"-79.91","43.29","HAMILTON RBG CS","6153301","2015-10-01 05:00","2015","10","01","05:00","10.1","","1.9","","57","","0.0","","3","","11","","","","101.11","","","","","","NA"
"-79.91","43.29","HAMILTON RBG CS","6153301","2015-10-01 06:00","2015","10","01","06:00","8.9","","1.5","","60","","0.0","","3","","8","","","","101.15","","","","","","NA"
"-79.91","43.29","HAMILTON RBG CS","6153301","2015-10-01 07:00","2015","10","01","07:00","7.9","","1.3","","63","","0.0","","2","","7","","","","101.17","","","","","","NA"
"-79.91","43.29","HAMILTON RBG CS","6153301","2015-10-01 08:00","2015","10","01","08:00","7.5","","1.0","","63","","0.0","","4","","9","","","","101.18","","","","","","NA"
"-79.91","43.29","HAMILTON RBG CS","6153301","2015-10-01 09:00","2015","10","01","09:00","7.3","","1.0","","64","","0.0","","2","","9","","","","101.21","","","","","","NA"
"-79.91","43.29","HAMILTON RBG CS","6153301","2015-10-01 10:00","2015","10","01","10:00","6.8","","0.8","","65","","0.0","","2","","10","","","","101.24","","","","","","NA"
"-79.91","43.29","HAMILTON RBG CS","6153301","2015-10-01 11:00","2015","10","01","11:00","6.1","","0.8","","68","","0.0","","3","","11","","","","101.27","","","","","","NA"
"-79.91","43.29","HAMILTON RBG CS","6153301","2015-10-01 12:00","2015","10","01","12:00","6.2","","0.8","","68","","0.0","","3","","10","","","","101.33","","","","","","NA"
"-79.91","43.29","HAMILTON RBG CS","6153301","2015-10-01 13:00","2015","10","01","13:00","7.1","","1.3","","67","","0.0","","3","","12","","","","101.37","","","","","","NA"
"-79.91","43.29","HAMILTON RBG CS","6153301","2015-10-01 14:00","2015","10","01","14:00","8.6","","2.1","","64","","0.0","","5","","16","","","","101.42","","","","","","NA"
"-79.91","43.29","HAMILTON RBG CS","6153301","2015-10-01 15:00","2015","10","01","15:00","10.1","","3.3","","63","","0.0","","6","","18","","","","101.42","","","","","","NA"
"-79.91","43.29","HAMILTON RBG CS","6153301","2015-10-01 16:00","2015","10","01","16:00","11.3","","3.0","","56","","0.0","","6","","19","","","","101.43","","","","","","NA"
"-79.91","43.29","HAMILTON RBG CS","6153301","2015-10-01 17:00","2015","10","01","17:00","12.5","","2.7","","51","","0.0","","7","","19","","","","101.44","","","","","","NA"
"-79.91","43.29","HAMILTON RBG CS","6153301","2015-10-01 18:00","2015","10","01","18:00","12.7","","2.7","","51","","0.0","","8","","18","","","","101.43","","","","","","NA"
"-79.91","43.29","HAMILTON RBG CS","6153301","2015-10-01 19:00","2015","10","01","19:00","13.2","","3.1","","50","","0.0","","8","","14","","","","101.39","","","","","","NA"
"-79.91","43.29","HAMILTON RBG CS","6153301","2015-10-01 20:00","2015","10","01","20:00","13.7","","3.4","","50","","0.0","","8","","13","","","","101.37","","","","","","NA"
"-79.91","43.29","HAMILTON RBG CS","6153301","2015-10-01 21:00","2015","10","01","21:00","14.1","","3.1","","47","","0.0","","7","","11","","","","101.36","","","","","","NA"
"-79.91","43.29","HAMILTON RBG CS","6153301","2015-10-01 22:00","2015","10","01","22:00","13.8","","3.5","","50","","0.0","","7","","9","","","","101.37","","","","","","NA"
"-79.91","43.29","HAMILTON RBG CS","6153301","2015-10-01 23:00","2015","10","01","23:00","13.1","","3.9","","54","","0.0","","7","","10","","","","101.43","","","","","","NA"
"-79.91","43.29","HAMILTON RBG CS","6153301","2015-10-02 00:00","2015","10","02","00:00","11.8","","1.4","","49","","0.0","","4","","7","","","","101.47","","","","","","NA"
"-79.91","43.29","HAMILTON RBG CS","6153301","2015-10-02 01:00","2015","10","02","01:00","12.2","","-0.1","","43","","0.0","","5","","11","","","","101.51","","","","","","NA"
"-79.91","43.29","HAMILTON RBG CS","6153301","2015-10-02 02:00","2015","10","02","02:00","12.1","","-0.4","","42","","0.0","","4","","14","","","","101.55","","","","","","NA"
"-79.91","43.29","HAMILTON RBG CS","6153301","2015-10-02 03:00","2015","10","02","03:00","11.2","","-0.1","","45","","0.0","","5","","13","","","","101.56","","","","","","NA"
"-79.91","43.29","HAMILTON RBG CS","6153301","2015-10-02 04:00","2015","10","02","04:00","10.7","","0.6","","50","","0.0","","5","","12","","","","101.56","","","","","","NA"
"-79.91","43.29","HAMILTON RBG CS","6153301","2015-10-02 05:00","2015","10","02","05:00","10.2","","1.2","","54","","0.0","","5","","11","","","","101.58","","","","","","NA"
"-79.91","43.29","HAMILTON RBG CS","6153301","2015-10-02 06:00","2015","10","02","06:00","9.2","","0.2","","53","","0.0","","4","","11","","","","101.58","","","","","","NA"
"-79.91","43.29","HAMILTON RBG CS","6153301","2015-10-02 07:00","2015","10","02","07:00","8.6","","-0.3","","53","","0.0","","3","","10","","","","101.56","","","","","","NA"
"-79.91","43.29","HAMILTON RBG CS","6153301","2015-10-02 08:00","2015","10","02","08:00","8.2","","0.3","","58","","0.0","","3","","10","","","","101.57","","","","","","NA"
"-79.91","43.29","HAMILTON RBG CS","6153301","2015-10-02 09:00","2015","10","02","09:00","8.2","","1.0","","61","","0.0","","4","","10","","","","101.57","","","","","","NA"
"-79.91","43.29","HAMILTON RBG CS","6153301","2015-10-02 10:00","2015","10","02","10:00","7.7","","0.4","","60","","0.0","","3","","14","","","","101.62","","","","","","NA"
"-79.91","43.29","HAMILTON RBG CS","6153301","2015-10-02 11:00","2015","10","02","11:00","7.1","","0.1","","61","","0.0","","4","","11","","","","101.67","","","","","","NA"
"-79.91","43.29","HAMILTON RBG CS","6153301","2015-10-02 12:00","2015","10","02","12:00","6.6","","-0.2","","62","","0.0","","3","","11","","","","101.69","","","","","","NA"
"-79.91","43.29","HAMILTON RBG CS","6153301","2015-10-02 13:00","2015","10","02","13:00","7.4","","0.3","","60","","0.0","","4","","12","","","","101.71","","","","","","NA"
"-79.91","43.29","HAMILTON RBG CS","6153301","2015-10-02 14:00","2015","10","02","14:00","8.5","","1.4","","61","","0.0","","4","","16","","","","101.75","","","","","","NA"
"-79.91","43.29","HAMILTON RBG CS","6153301","2015-10-02 15:00","2015","10","02","15:00","9.6","","1.7","","58","","0.0","","5","","17","","","","101.76","","","","","","NA"
"-79.91","43.29","HAMILTON RBG CS","6153301","2015-10-02 16:00","2015","10","02","16:00","10.9","","2.5","","56","","0.0","","5","","17","","","","101.74","","","","","","NA"
"-79.91","43.29","HAMILTON RBG CS","6153301","2015-10-02 17:00","2015","10","02","17:00","11.4","","2.1","","53","","0.0","","6","","18","","","","101.72","","","","","","NA"
"-79.91","43.29","HAMILTON RBG CS","6153301","2015-10-02 18:00","2015","10","02","18:00","11.4","","0.7","","48","","0.0","","7","","18","","","","101.70","","","","","","NA"
"-79.91","43.29","HAMILTON RBG CS","6153301","2015-10-02 19:00","2015","10","02","19:00","11.7","","0.6","","46","","0.0","","6","","21","","","","101.67","","","","","","NA"
"-79.91","43.29","HAMILTON RBG CS","6153301","2015-10-02 20:00","2015","10","02","20:00","12.7","","0.7","","44","","0.0","","8","","19","","","","101.66","","","","","","NA"
"-79.91","43.29","HAMILTON RBG CS","6153301","2015-10-02 21:00","2015","10","02","21:00","12.0","","-0.3","","43","","0.0","","7","","15","","","","101.67","","","","","","NA"
"-79.91","43.29","HAMILTON RBG CS","6153301","2015-10-02 22:00","2015","10","02","22:00","11.8","","-0.4","","43","","0.0","","6","","18","","","","101.70","","","","","","NA"
"-79.91","43.29","HAMILTON RBG CS","6153301","2015-10-02 23:00","2015","10","02","23:00","11.5","","-0.1","","45","","0.0","","6","","17","","","","101.70","","","","","","NA"
"-79.91","43.29","HAMILTON RBG CS","6153301","2015-10-03 00:00","2015","10","03","00:00","11.5","","0.3","","46","","0.0","","6","","18","","","","101.67","","","","","","NA"
"-79.91","43.29","HAMILTON RBG CS","6153301","2015-10-03 01:00","2015","10","03","01:00","11.1","","-0.3","","45","","0.0","","6","","21","","","","101.66","","","","","","NA"
"-79.91","43.29","HAMILTON RBG CS","6153301","2015-10-03 02:00","2015","10","03","02:00","11.1","","-0.1","","46","","0.0","","7","","25","","","","101.68","","","","","","NA"
"-79.91","43.29","HAMILTON RBG CS","6153301","2015-10-03 03:00","2015","10","03","03:00","11.1","","0.8","","49","","0.0","","7","","18","","","","101.67","","","","","","NA"
"-79.91","43.29","HAMILTON RBG CS","6153301","2015-10-03 04:00","2015","10","03","04:00","11.2","","1.0","","49","","0.0","","7","","20","","","","101.61","","","","","","NA"
"-79.91","43.29","HAMILTON RBG CS","6153301","2015-10-03 05:00","2015","10","03","05:00","11.4","","0.7","","48","","0.0","","8","","23","","","","101.61","","","","","","NA"
"-79.91","43.29","HAMILTON RBG CS","6153301","2015-10-03 06:00","2015","10","03","06:00","11.0","","1.1","","50","","0.0","","8","","24","","","","101.60","","","","","","NA"
"-79.91","43.29","HAMILTON RBG CS","6153301","2015-10-03 07:00","2015","10","03","07:00","10.8","","1.8","","54","","0.0","","8","","24","","","","101.57","","","","","","NA"
"-79.91","43.29","HAMILTON RBG CS","6153301","2015-10-03 08:00","2015","10","03","08:00","10.3","","2.0","","57","","0.0","","7","","22","","","","101.53","","","","","","NA"
"-79.91","43.29","HAMILTON RBG CS","6153301","2015-10-03 09:00","2015","10","03","09:00","10.2","","2.2","","57","","0.0","","7","","23","","","","101.57","","","","","","NA"
"-79.91","43.29","HAMILTON RBG CS","6153301","2015-10-03 10:00","2015","10","03","10:00","10.2","","2.7","","60","","0.0","","8","","23","","","","101.54","","","","","","NA"
"-79.91","43.29","HAMILTON RBG CS","6153301","2015-10-03 11:00","2015","10","03","11:00","10.1","","2.2","","58","","0.0","","7","","26","","","","101.57","","","","","","NA"
"-79.91","43.29","HAMILTON RBG CS","6153301","2015-10-03 12:00","2015","10","03","12:00","10.4","","3.2","","61","","0.0","","7","","18","","","","101.52","","","","","","NA"
"-79.91","43.29","HAMILTON RBG CS","6153301","2015-10-03 13:00","2015","10","03","13:00","10.3","","3.6","","63","","0.0","","8","","21","","","","101.58","","","","","","NA"
"-79.91","43.29","HAMILTON RBG CS","6153301","2015-10-03 14:00","2015","10","03","14:00","10.3","","4.0","","65","","0.0","","8","","23","","","","101.57","","","","","","NA"
"-79.91","43.29","HAMILTON RBG CS","6153301","2015-10-03 15:00","2015","10","03","15:00","10.5","","3.7","","63","","0.0","","8","","25","","","","101.57","","","","","","NA"
"-79.91","43.29","HAMILTON RBG CS","6153301","2015-10-03 16:00","2015","10","03","16:00","10.7","","4.4","","65","","0.0","","8","","19","","","","101.55","","","","","","NA"
"-79.91","43.29","HAMILTON RBG CS","6153301","2015-10-03 17:00","2015","10","03","17:00","10.8","","4.0","","63","","0.0","","8","","20","","","","101.51","","","","","","NA"
"-79.91","43.29","HAMILTON RBG CS","6153301","2015-10-03 18:00","2015","10","03","18:00","10.1","","4.5","","68","","0.0","","8","","19","","","","101.47","","","","","","NA"
"-79.91","43.29","HAMILTON RBG CS","6153301","2015-10-03 19:00","2015","10","03","19:00","10.3","","4.6","","68","","0.0","","8","","21","","","","101.42","","","","","","NA"
"-79.91","43.29","HAMILTON RBG CS","6153301","2015-10-03 20:00","2015","10","03","20:00","9.8","","5.8","","76","","0.3","","8","","21","","","","101.44","","","","","","NA"
"-79.91","43.29","HAMILTON RBG CS","6153301","2015-10-03 21:00","2015","10","03","21:00","10.1","","5.8","","75","","1.3","","8","","21","","","","101.43","","","","","","NA"
"-79.91","43.29","HAMILTON RBG CS","6153301","2015-10-03 22:00","2015","10","03","22:00","11.3","","4.7","","64","","0.0","","8","","20","","","","101.42","","","","","","NA"
"-79.91","43.29","HAMILTON RBG CS","6153301","2015-10-03 23:00","2015","10","03","23:00","11.7","","4.3","","61","","0.0","","9","","19","","","","101.46","","","","","","NA"
"-79.91","43.29","HAMILTON RBG CS","6153301","2015-10-04 00:00","2015","10","04","00:00","11.6","","4.9","","63","","0.0","","8","","19","","","","101.45","","","","","","NA"
"-79.91","43.29","HAMILTON RBG CS","6153301","2015-10-04 01:00","2015","10","04","01:00","11.8","","5.2","","64","","0.0","","9","","19","","","","101.45","","","","","","NA"
"-79.91","43.29","HAMILTON RBG CS","6153301","2015-10-04 02:00","2015","10","04","02:00","11.7","","5.3","","65","","0.0","","8","","18","","","","101.46","","","","","","NA"
"-79.91","43.29","HAMILTON RBG CS","6153301","2015-10-04 03:00","2015","10","04","03:00","11.0","","6.4","","73","","0.0","","8","","18","","","","101.42","","","","","","NA"
"-79.91","43.29","HAMILTON RBG CS","6153301","2015-10-04 04:00","2015","10","04","04:00"
"-79.91","43.29","HAMILTON RBG CS","6153301","2015-10-04 05:00","2015","10","04","05:00","10.0","","8.2","","89","","0.2","","8","","17","","","","101.38","","","","","","NA"
"-79.91","43.29","HAMILTON RBG CS","6153301","2015-10-04 06:00","2015","10","04","06:00","10.1","","8.6","","91","","0.3","","9","","12","","","","101.34","","","","","","NA"
"-79.91","43.29","HAMILTON RBG CS","6153301","2015-10-04 07:00","2015","10","04","07:00","10.2","","8.7","","91","","0.0","","9","","12","","","","101.32","","","","","","NA"
"-79.91","43.29","HAMILTON RBG CS","6153301","2015-10-04 08:00","2015","10","04","08:00","10.9","","8.4","","84","","0.0","","8","","11","","","","101.29","","","","","","NA"
"-79.91","43.29","HAMILTON RBG CS","6153301","2015-10-04 09:00","2015","10","04","09:00","11.3","","8.0","","80","","0.0","","10","","9","","","","101.29","","","","","","NA"
"-79.91","43.29","HAMILTON RBG CS","6153301","2015-10-04 10:00","2015","10","04","10:00","11.3","","8.1","","81","","0.0","","8","","11","","","","101.28","","","","","","NA"
"-79.91","43.29","HAMILTON RBG CS","6153301","2015-10-04 11:00","2015","10","04","11:00","11.4","","8.0","","80","","0.0","","9","","10","","","","101.29","","","","","","NA"
"-79.91","43.29","HAMILTON RBG CS","6153301","2015-10-04 12:00","2015","10","04","12:00","11.5","","8.0","","79","","0.0","","10","","10","","","","101.34","","","","","","NA"
"-79.91","43.29","HAMILTON RBG CS","6153301","2015-10-04 13:00","2015","10","04","13:00","11.7","","8.0","","78","","0.0","","9","","9","","","","101.34","","","","","","NA"
"-79.91","43.29","HAMILTON RBG CS","6153301","2015-10-04 14:00","2015","10","04","14:00","12.3","","8.1","","75","","0.0","","10","","8","","","","101.36","","","","","","NA"
"-79.91","43.29","HAMILTON RBG CS","6153301","2015-10-04 15:00","2015","10","04","15:00","13.2","","8.4","","73","","0.0","","10","","9","","","","101.33","","","","","","NA"
"-79.91","43.29","HAMILTON RBG CS","6153301","2015-10-04 16:00","2015","10","04","16:00","13.9","","9.1","","73","","0.0","","10","","6","","","","101.30","","","","","","NA"
"-79.91","43.29","HAMILTON RBG CS","6153301","2015-10-04 17:00","2015","10","04","17:00","13.5","","8.7","","73","","0.0","","11","","8","","","","101.28","","","","","","NA"
"-79.91","43.29","HAMILTON RBG CS","6153301","2015-10-04 18:00","2015","10","04","18:00","13.6","","8.9","","73","","0.0","","8","","12","","","","101.24","","","","","","NA"
"-79.91","43.29","HAMILTON RBG CS","6153301","2015-10-04 19:00","2015","10","04","19:00","13.7","","9.0","","73","","0.0","","7","","11","","","","101.19","","","","","","NA"
"-79.91","43.29","HAMILTON RBG CS","6153301","2015-10-04 20:00","2015","10","04","20:00","14.4","","9.6","","73","","0.0","","9","","7","","","","101.16","","","","","","NA"
"-79.91","43.29","HAMILTON RBG CS","6153301","2015-10-04 21:00","2015","10","04","21:00","14.5","","9.4","","72","","0.0","","7","","11","","","","101.13","","","","","","NA"
"-79.91","43.29","HAMILTON RBG CS","6153301","2015-10-04 22:00","2015","10","04","22:00","13.8","","9.1","","73","","0.0","","8","","11","","","","101.10","","","","","","NA"
"-79.91","43.29","HAMILTON RBG CS","6153301","2015-10-04 23:00","2015","10","04","23:00","13.5","","9.2","","75","","0.0","","6","","6","","","","101.11","","","","","","NA"
"-79.91","43.29","HAMILTON RBG CS","6153301","2015-10-05 00:00","2015","10","05","00:00","13.5","","9.4","","77","","0.0","","5","","7","","","","101.13","","","","","","NA"
"-79.91","43.29","HAMILTON RBG CS","6153301","2015-10-05 01:00","2015","10","05","01:00","13.4","","9.4","","77","","0.0","","5","","7","","","","101.12","","","","","","NA"
"-79.91","43.29","HAMILTON RBG CS","6153301","2015-10-05 02:00","2015","10","05","02:00","12.8","","9.2","","78","","0.0","","4","","6","","","","101.09","","","","","","NA"
"-79.91","43.29","HAMILTON RBG CS","6153301","2015-10-05 03:00","2015","10","05","03:00","11.9","","9.0","","82","","0.0","","3","","4","","","","101.07","","","","","","NA"
"-79.91","43.29","HAMILTON RBG CS","6153301","2015-10-05 04:00","2015","10","05","04:00","12.3","","9.4","","83","","0.0","","4","","4","","","","101.04","","","","","","NA"
"-79.91","43.29","HAMILTON RBG CS","6153301","2015-10-05 05:00","2015","10","05","05:00","11.4","","9.2","","86","","0.0","","","","0","","","","101.01","","","","","","NA"
"-79.91","43.29","HAMILTON RBG CS","6153301","2015-10-05 06:00","2015","10","05","06:00","10.3","","8.9","","91","","0.0","","","","0","","","","100.98","","","","","","NA"
"-79.91","43.29","HAMILTON RBG CS","6153301","2015-10-05 07:00","2015","10","05","07:00","9.8","","8.7","","93","","0.0","","","","0","","","","100.98","","","","","","NA"
"-79.91","43.29","HAMILTON RBG CS","6153301","2015-10-05 08:00","2015","10","05","08:00","9.9","","8.9","","93","","0.0","","","","0","","","","100.97","","","","","","NA"
"-79.91","43.29","HAMILTON RBG CS","6153301","2015-10-05 09:00","2015","10","05","09:00","10.4","","9.4","","94","","0.0","","","","0","","","","100.96","","","","","","NA"
"-79.91","43.29","HAMILTON RBG CS","6153301","2015-10-05 10:00","2015","10","05","10:00","11.2","","10.0","","92","","0.2","","","","0","","","","101.00","","","","","","NA"
"-79.91","43.29","HAMILTON RBG CS","6153301","2015-10-05 11:00","2015","10","05","11:00","11.4","","10.2","","92","","0.0","","","","0","","","","101.03","","","","","","NA"
"-79.91","43.29","HAMILTON RBG CS","6153301","2015-10-05 12:00","2015","10","05","12:00","12.1","","8.7","","80","","0.0","","4","","6","","","","101.04","","","","","","NA"
"-79.91","43.29","HAMILTON RBG CS","6153301","2015-10-05 13:00","2015","10","05","13:00","11.9","","9.8","","87","","0.0","","4","","4","","","","101.07","","","","","","NA"
"-79.91","43.29","HAMILTON RBG CS","6153301","2015-10-05 14:00","2015","10","05","14:00","12.4","","10.1","","86","","0.0","","5","","4","","","","101.08","","","","","","NA"
"-79.91","43.29","HAMILTON RBG CS","6153301","2015-10-05 15:00","2015","10","05","15:00","13.0","","10.5","","85","","0.0","","5","","5","","","","101.08","","","","","","NA"
"-79.91","43.29","HAMILTON RBG CS","6153301","2015-10-05 16:00","2015","10","05","16:00","13.6","","10.7","","83","","0.0","","9","","6","","","","101.04","","","","","","NA"
"-79.91","43.29","HAMILTON RBG CS","6153301","2015-10-05 17:00","2015","10","05","17:00","14.1","","11.3","","83","","0.0","","8","","5","","","","101.02","","","","","","NA"
"-79.91","43.29","HAMILTON RBG CS","6153301","2015-10-05 18:00","2015","10","05","18:00","14.0","","11.5","","85","","0.0","","15","","7","","","","100.96","","","","","","NA"
"-79.91","43.29","HAMILTON RBG CS","6153301","2015-10-05 19:00","2015","10","05","19:00","13.8","","11.7","","87","","0.0","","10","","7","","","","100.90","","","","","","NA"
"-79.91","43.29","HAMILTON RBG CS","6153301","2015-10-05 20:00","2015","10","05","20:00","14.0","","11.8","","87","","0.0","","7","","6","","","","100.86","","","","","","NA"
"-79.91","43.29","HAMILTON RBG CS","6153301","2015-10-05 21:00","2015","10","05","21:00","14.4","","11.9","","85","","0.0","","10","","4","","","","100.83","","","","","","NA"
"-79.91","43.29","HAMILTON RBG CS","6153301","2015-10-05 22:00","2015","10","05","22:00","14.3","","11.7","","85","","0.0","","","","0","","","","100.82","","","","","","NA"
"-79.91","43.29","HAMILTON RBG CS","6153301","2015-10-05 23:00","2015","10","05","23:00","14.1","","11.6","","85","","0.0","","8","","3","","","","100.83","","","","","","NA"
"-79.91","43.29","HAMILTON RBG CS","6153301","2015-10-06 00:00","2015","10","06","00:00","14.1","","11.7","","86","","0.0","","4","","4","","","","100.85","","","","","","NA"
"-79.91","43.29","HAMILTON RBG CS","6153301","2015-10-06 01:00","2015","10","06","01:00","13.8","","11.9","","88","","0.0","","","","0","","","","100.83","","","","","","NA"
"-79.91","43.29","HAMILTON RBG CS","6153301","2015-10-06 02:00","2015","10","06","02:00","13.7","","11.9","","89","","0.0","","","","0","","","","100.80","","","","","","NA"
"-79.91","43.29","HAMILTON RBG CS","6153301","2015-10-06 03:00","2015","10","06","03:00","13.4","","11.9","","90","","0.0","","","","0","","","","100.80","","","","","","NA"
"-79.91","43.29","HAMILTON RBG CS","6153301","2015-10-06 04:00","2015","10","06","04:00","13.2","","12.0","","92","","0.0","","","","0","","","","100.79","","","","","","NA"
"-79.91","43.29","HAMILTON RBG CS","6153301","2015-10-06 05:00","2015","10","06","05:00","13.3","","12.1","","92","","0.0","","","","0","","","","100.77","","","","","","NA"
"-79.91","43.29","HAMILTON RBG CS","6153301","2015-10-06 06:00","2015","10","06","06:00","13.3","","12.2","","93","","0.0","","27","","3","","","","100.73","","","","","","NA"
"-79.91","43.29","HAMILTON RBG CS","6153301","2015-10-06 07:00","2015","10","06","07:00","13.4","","12.2","","93","","0.0","","","","0","","","","100.69","","","","","","NA"
"-79.91","43.29","HAMILTON RBG CS","6153301","2015-10-06 08:00","2015","10","06","08:00","13.4","","12.2","","93","","0.0","","","","0","","","","100.67","","","","","","NA"
"-79.91","43.29","HAMILTON RBG CS","6153301","2015-10-06 09:00","2015","10","06","09:00","13.3","","12.2","","93","","0.0","","","","0","","","","100.68","","","","","","NA"
"-79.91","43.29","HAMILTON RBG CS","6153301","2015-10-06 10:00","2015","10","06","10:00","13.2","","12.2","","94","","0.0","","","","0","","","","100.70","","","","","","NA"
"-79.91","43.29","HAMILTON RBG CS","6153301","2015-10-06 11:00","2015","10","06","11:00","13.2","","12.2","","94","","0.0","","","","0","","","","100.70","","","","","","NA"
"-79.91","43.29","HAMILTON RBG CS","6153301","2015-10-06 12:00","2015","10","06","12:00","13.2","","12.3","","95","","0.0","","","","0","","","","100.72","","","","","","NA"
"-79.91","43.29","HAMILTON RBG CS","6153301","2015-10-06 13:00","2015","10","06","13:00","13.5","","12.7","","95","","0.2","","","","0","","","","100.73","","","","","","NA"
"-79.91","43.29","HAMILTON RBG CS","6153301","2015-10-06 14:00","2015","10","06","14:00","14.0","","13.1","","94","","0.0","","","","0","","","","100.74","","","","","","NA"
"-79.91","43.29","HAMILTON RBG CS","6153301","2015-10-06 15:00","2015","10","06","15:00","15.2","","13.9","","92","","0.0","","20","","4","","","","100.73","","","","","","NA"
"-79.91","43.29","HAMILTON RBG CS","6153301","2015-10-06 16:00","2015","10","06","16:00","15.3","","13.0","","87","","0.0","","33","","3","","","","100.71","","","","","","NA"
"-79.91","43.29","HAMILTON RBG CS","6153301","2015-10-06 17:00","2015","10","06","17:00","16.0","","13.2","","84","","0.0","","22","","3","","","","100.68","","","","","","NA"
"-79.91","43.29","HAMILTON RBG CS","6153301","2015-10-06 18:00","2015","10","06","18:00","16.5","","13.5","","83","","0.0","","20","","3","","","","100.62","","","","","","NA"
"-79.91","43.29","HAMILTON RBG CS","6153301","2015-10-06 19:00","2015","10","06","19:00","17.1","","13.2","","78","","0.0","","25","","3","","","","100.54","","","","","","NA"
"-79.91","43.29","HAMILTON RBG CS","6153301","2015-10-06 20:00","2015","10","06","20:00","17.2","","13.5","","78","","0.0","","","","0","","","","100.50","","","","","","NA"
"-79.91","43.29","HAMILTON RBG CS","6153301","2015-10-06 21:00","2015","10","06","21:00","17.3","","11.6","","69","","0.0","","31","","8","","","","100.49","","","","","","NA"
"-79.91","43.29","HAMILTON RBG CS","6153301","2015-10-06 22:00","2015","10","06","22:00","16.8","","11.4","","70","","0.0","","32","","6","","","","100.48","","","","","","NA"
"-79.91","43.29","HAMILTON RBG CS","6153301","2015-10-06 23:00","2015","10","06","23:00","16.1","","11.5","","74","","0.0","","32","","4","","","","100.49","","","","","","NA"
"-79.91","43.29","HAMILTON RBG CS","6153301","2015-10-07 00:00","2015","10","07","00:00","15.2","","12.3","","82","","0.0","","","","0","","","","100.49","","","","","","NA"
"-79.91","43.29","HAMILTON RBG CS","6153301","2015-10-07 01:00","2015","10","07","01:00","14.5","","12.1","","86","","0.0","","","","0","","","","100.49","","","","","","NA"
"-79.91","43.29","HAMILTON RBG CS","6153301","2015-10-07 02:00","2015","10","07","02:00","14.2","","12.3","","89","","0.0","","","","0","","","","100.49","","","","","","NA"
"-79.91","43.29","HAMILTON RBG CS","6153301","2015-10-07 03:00","2015","10","07","03:00","14.0","","12.1","","89","","0.0","","","","0","","","","100.50","","","","","","NA"
"-79.91","43.29","HAMILTON RBG CS","6153301","2015-10-07 04:00","2015","10","07","04:00","13.1","","11.4","","89","","0.0","","","","0","","","","100.48","","","","","","NA"
"-79.91","43.29","HAMILTON RBG CS","6153301","2015-10-07 05:00","2015","10","07","05:00","10.7","","9.6","","93","","0.0","","","","0","","","","100.45","","","","","","NA"
"-79.91","43.29","HAMILTON RBG CS","6153301","2015-10-07 06:00","2015","10","07","06:00","9.7","","8.7","","94","","0.0","","29","","3","","","","100.44","","","","","","NA"
"-79.91","43.29","HAMILTON RBG CS","6153301","2015-10-07 07:00","2015","10","07","07:00","9.5","","8.5","","94","","0.0","","26","","3","","","","100.43","","","","","","NA"
"-79.91","43.29","HAMILTON RBG CS","6153301","2015-10-07 08:00","2015","10","07","08:00","11.3","","10.3","","94","","0.2","","25","","4","","","","100.42","","","","","","NA"
"-79.91","43.29","HAMILTON RBG CS","6153301","2015-10-07 09:00","2015","10","07","09:00","11.3","","10.1","","92","","0.0","","26","","4","","","","100.41","","","","","","NA"
"-79.91","43.29","HAMILTON RBG CS","6153301","2015-10-07 10:00","2015","10","07","10:00","11.4","","10.2","","93","","0.0","","25","","4","","","","100.43","","","","","","NA"
"-79.91","43.29","HAMILTON RBG CS","6153301","2015-10-07 11:00","2015","10","07","11:00","11.5","","10.3","","93","","0.0","","26","","5","","","","100.43","","","","","","NA"
"-79.91","43.29","HAMILTON RBG CS","6153301","2015-10-07 12:00","2015","10","07","12:00","11.6","","10.4","","93","","0.0","","26","","4","","","","100.47","","","","","","NA"
"-79.91","43.29","HAMILTON RBG CS","6153301","2015-10-07 13:00","2015","10","07","13:00","12.9","","11.5","","91","","0.0","","25","","4","","","","100.50","","","","","","NA"
"-79.91","43.29","HAMILTON RBG CS","6153301","2015-10-07 14:00","2015","10","07","14:00","14.4","","12.2","","87","","0.0","","23","","3","","","","100.50","","","","","","NA"
"-79.91","43.29","HAMILTON RBG CS","6153301","2015-10-07 15:00","2015","10","07","15:00","17.0","","13.3","","79","","0.0","","23","","4","","","","100.49","","","","","","NA"
"-79.91","43.29","HAMILTON RBG CS","6153301","2015-10-07 16:00","2015","10","07","16:00","19.4","","13.1","","67","","0.0","","26","","8","","","","100.46","","","","","","NA"
"-79.91","43.29","HAMILTON RBG CS","6153301","2015-10-07 17:00","2015","10","07","17:00","20.6","","12.5","","60","","0.0","","25","","9","","","","100.44","","","","","","NA"
"-79.91","43.29","HAMILTON RBG CS","6153301","2015-10-07 18:00","2015","10","07","18:00","21.9","","12.5","","55","","0.0","","24","","9","","","","100.42","","","","","","NA"
"-79.91","43.29","HAMILTON RBG CS","6153301","2015-10-07 19:00","2015","10","07","19:00","20.3","","11.9","","58","","0.0","","31","","12","","","","100.38","","","","","","NA"
"-79.91","43.29","HAMILTON RBG CS","6153301","2015-10-07 20:00","2015","10","07","20:00","21.5","","11.7","","54","","0.0","","29","","12","","","","100.39","","","","","","NA"
"-79.91","43.29","HAMILTON RBG CS","6153301","2015-10-07 21:00","2015","10","07","21:00","21.0","","11.0","","53","","0.0","","30","","11","","","","100.42","","","","","","NA"
"-79.91","43.29","HAMILTON RBG CS","6153301","2015-10-07 22:00","2015","10","07","22:00","19.5","","10.7","","57","","0.0","","30","","13","","","","100.47","","","","","","NA"
"-79.91","43.29","HAMILTON RBG CS","6153301","2015-10-07 23:00","2015","10","07","23:00","17.5","","8.2","","54","","0.0","","31","","10","","","","100.51","","","","","","NA"
"-79.91","43.29","HAMILTON RBG CS","6153301","2015-10-08 00:00","2015","10","08","00:00","15.6","","8.9","","65","","0.0","","32","","6","","","","100.60","","","","","","NA"
"-79.91","43.29","HAMILTON RBG CS","6153301","2015-10-08 01:00","2015","10","08","01:00","13.3","","8.6","","73","","0.0","","","","0","","","","100.71","","","","","","NA"
"-79.91","43.29","HAMILTON RBG CS","6153301","2015-10-08 02:00","2015","10","08","02:00","12.2","","8.3","","77","","0.0","","30","","3","","","","100.77","","","","","","NA"
"-79.91","43.29","HAMILTON RBG CS","6153301","2015-10-08 03:00","2015","10","08","03:00","9.5","","7.7","","88","","0.0","","","","0","","","","100.80","","","","","","NA"
"-79.91","43.29","HAMILTON RBG CS","6153301","2015-10-08 04:00","2015","10","08","04:00","8.4","","7.1","","92","","0.0","","","","0","","","","100.80","","","","","","NA"
"-79.91","43.29","HAMILTON RBG CS","6153301","2015-10-08 05:00","2015","10","08","05:00","7.9","","6.8","","93","","0.0","","","","0","","","","100.81","","","","","","NA"
"-79.91","43.29","HAMILTON RBG CS","6153301","2015-10-08 06:00","2015","10","08","06:00","7.4","","6.5","","94","","0.0","","","","0","","","","100.83","","","","","","NA"
"-79.91","43.29","HAMILTON RBG CS","6153301","2015-10-08 07:00","2015","10","08","07:00","6.8","","5.9","","94","","0.0","","","","0","","","","100.82","","","","","","NA"
"-79.91","43.29","HAMILTON RBG CS","6153301","2015-10-08 08:00","2015","10","08","08:00","6.1","","5.3","","95","","0.0","","","","0","","","","100.77","","","","","","NA"
"-79.91","43.29","HAMILTON RBG CS","6153301","2015-10-08 09:00","2015","10","08","09:00","5.4","","4.7","","95","","0.0","","","","0","","","","100.80","","","","","","NA"
"-79.91","43.29","HAMILTON RBG CS","6153301","2015-10-08 10:00","2015","10","08","10:00","5.1","","4.5","","96","","0.0","","","","0","","","","100.82","","","","","","NA"
"-79.91","43.29","HAMILTON RBG CS","6153301","2015-10-08 11:00","2015","10","08","11:00","4.9","","4.3","","96","","0.0","","","","0","","","","100.85","","","","","","NA"
"-79.91","43.29","HAMILTON RBG CS","6153301","2015-10-08 12:00","2015","10","08","12:00","4.9","","4.4","","96","","0.0","","","","0","","","","100.89","","","","","","NA"
"-79.91","43.29","HAMILTON RBG CS","6153301","2015-10-08 13:00","2015","10","08","13:00","9.7","","9.0","","96","","0.0","","","","0","","","","100.87","","","","","","NA"
"-79.91","43.29","HAMILTON RBG CS","6153301","2015-10-08 14:00","2015","10","08","14:00","14.1","","7.1","","63","","0.0","","11","","6","","","","100.85","","","","","","NA"
"-79.91","43.29","HAMILTON RBG CS","6153301","2015-10-08 15:00","2015","10","08","15:00","14.8","","7.2","","60","","0.0","","8","","10","","","","100.86","","","","","","NA"
"-79.91","43.29","HAMILTON RBG CS","6153301","2015-10-08 16:00","2015","10","08","16:00","15.2","","7.5","","60","","0.0","","10","","8","","","","100.82","","","","","","NA"
"-79.91","43.29","HAMILTON RBG CS","6153301","2015-10-08 17:00","2015","10","08","17:00","15.4","","8.0","","61","","0.0","","9","","10","","","","100.75","","","","","","NA"
"-79.91","43.29","HAMILTON RBG CS","6153301","2015-10-08 18:00","2015","10","08","18:00","15.4","","8.1","","61","","0.0","","9","","10","","","","100.65","","","","","","NA"
"-79.91","43.29","HAMILTON RBG CS","6153301","2015-10-08 19:00","2015","10","08","19:00","15.4","","8.1","","62","","0.0","","8","","9","","","","100.58","","","","","","NA"
"-79.91","43.29","HAMILTON RBG CS","6153301","2015-10-08 20:00","2015","10","08","20:00","15.3","","9.1","","67","","0.0","","9","","8","","","","100.52","","","","","","NA"
"-79.91","43.29","HAMILTON RBG CS","6153301","2015-10-08 21:00","2015","10","08","21:00","14.9","","8.8","","67","","0.0","","9","","9","","","","100.49","","","","","","NA"
"-79.91","43.29","HAMILTON RBG CS","6153301","2015-10-08 22:00","2015","10","08","22:00","14.3","","9.3","","72","","0.0","","8","","11","","","","100.43","","","","","","NA"
"-79.91","43.29","HAMILTON RBG CS","6153301","2015-10-08 23:00","2015","10","08","23:00","14.1","","9.6","","75","","0.0","","7","","8","","","","100.37","","","","","","NA"
"-79.91","43.29","HAMILTON RBG CS","6153301","2015-10-09 00:00","2015","10","09","00:00","14.3","","9.8","","74","","0.0","","7","","7","","","","100.30","","","","","","NA"
"-79.91","43.29","HAMILTON RBG CS","6153301","2015-10-09 01:00","2015","10","09","01:00","14.9","","10.2","","74","","0.0","","6","","8","","","","100.24","","","","","","NA"
"-79.91","43.29","HAMILTON RBG CS","6153301","2015-10-09 02:00","2015","10","09","02:00","13.1","","11.3","","89","","1.2","","5","","8","","","","100.14","","","","","","NA"
"-79.91","43.29","HAMILTON RBG CS","6153301","2015-10-09 03:00","2015","10","09","03:00","12.8","","11.5","","92","","1.1","","6","","6","","","","100.04","","","","","","NA"
"-79.91","43.29","HAMILTON RBG CS","6153301","2015-10-09 04:00","2015","10","09","04:00","12.6","","11.4","","93","","0.9","","5","","6","","","","99.92","","","","","","NA"
"-79.91","43.29","HAMILTON RBG CS","6153301","2015-10-09 05:00","2015","10","09","05:00","12.6","","11.6","","94","","1.7","","2","","4","","","","99.82","","","","","","NA"
"-79.91","43.29","HAMILTON RBG CS","6153301","2015-10-09 06:00","2015","10","09","06:00","12.6","","11.3","","92","","0.0","","1","","3","","","","99.79","","","","","","NA"
"-79.91","43.29","HAMILTON RBG CS","6153301","2015-10-09 07:00","2015","10","09","07:00","12.3","","11.2","","93","","0.7","","","","0","","","","99.72","","","","","","NA"
"-79.91","43.29","HAMILTON RBG CS","6153301","2015-10-09 08:00","2015","10","09","08:00","12.1","","11.2","","94","","0.3","","","","0","","","","99.63","","","","","","NA"
"-79.91","43.29","HAMILTON RBG CS","6153301","2015-10-09 09:00","2015","10","09","09:00","12.1","","11.3","","95","","0.0","","","","0","","","","99.60","","","","","","NA"
"-79.91","43.29","HAMILTON RBG CS","6153301","2015-10-09 10:00","2015","10","09","10:00","12.3","","11.5","","95","","0.0","","","","0","","","","99.58","","","","","","NA"
"-79.91","43.29","HAMILTON RBG CS","6153301","2015-10-09 11:00","2015","10","09","11:00","13.1","","12.2","","95","","0.2","","26","","3","","","","99.61","","","","","","NA"
"-79.91","43.29","HAMILTON RBG CS","6153301","2015-10-09 12:00","2015","10","09","12:00","13.4","","12.5","","94","","0.0","","","","0","","","","99.62","","","","","","NA"
"-79.91","43.29","HAMILTON RBG CS","6153301","2015-10-09 13:00","2015","10","09","13:00","14.3","","13.5","","95","","0.0","","25","","3","","","","99.66","","","","","","NA"
"-79.91","43.29","HAMILTON RBG CS","6153301","2015-10-09 14:00","2015","10","09","14:00","16.1","","14.7","","92","","0.0","","25","","3","","","","99.72","","","","","","NA"
"-79.91","43.29","HAMILTON RBG CS","6153301","2015-10-09 15:00","2015","10","09","15:00","17.2","","13.7","","80","","0.0","","27","","9","","","","99.76","","","","","","NA"
"-79.91","43.29","HAMILTON RBG CS","6153301","2015-10-09 16:00","2015","10","09","16:00","16.7","","12.3","","75","","0.0","","30","","14","","","","99.82","","","","","","NA"
"-79.91","43.29","HAMILTON RBG CS","6153301","2015-10-09 17:00","2015","10","09","17:00","16.6","","11.2","","70","","0.0","","30","","16","","","","99.89","","","","","","NA"
"-79.91","43.29","HAMILTON RBG CS","6153301","2015-10-09 18:00","2015","10","09","18:00","15.7","","9.8","","68","","0.0","","28","","17","","","","99.94","","","","","","NA"
"-79.91","43.29","HAMILTON RBG CS","6153301","2015-10-09 19:00","2015","10","09","19:00","15.1","","9.4","","69","","0.0","","30","","17","","","","100.00","","","","","","NA"
"-79.91","43.29","HAMILTON RBG CS","6153301","2015-10-09 20:00","2015","10","09","20:00","14.5","","8.4","","67","","0.0","","32","","12","","","","100.09","","","","","","NA"
"-79.91","43.29","HAMILTON RBG CS","6153301","2015-10-09 21:00","2015","10","09","21:00","14.1","","7.5","","64","","0.0","","32","","9","","","","100.23","","","","","","NA"
"-79.91","43.29","HAMILTON RBG CS","6153301","2015-10-09 22:00","2015","10","09","22:00","13.5","","7.2","","66","","0.0","","34","","7","","","","100.32","","","","","","NA"
"-79.91","43.29","HAMILTON RBG CS","6153301","2015-10-09 23:00","2015","10","09","23:00","12.9","","7.4","","69","","0.0","","30","","6","","","","100.44","","","","","","NA"
"-79.91","43.29","HAMILTON RBG CS","6153301","2015-10-10 00:00","2015","10","10","00:00","11.6","","8.3","","80","","0.0","","","","0","","","","100.55","","","","","","NA"
"-79.91","43.29","HAMILTON RBG CS","6153301","2015-10-10 01:00","2015","10","10","01:00","9.6","","6.9","","83","","0.0","","","","0","","","","100.65","","","","","","NA"
"-79.91","43.29","HAMILTON RBG CS","6153301","2015-10-10 02:00","2015","10","10","02:00","7.8","","6.6","","92","","0.0","","30","","3","","","","100.69","","","","","","NA"
"-79.91","43.29","HAMILTON RBG CS","6153301","2015-10-10 03:00","2015","10","10","03:00","6.5","","5.5","","93","","0.0","","27","","3","","","","100.75","","","","","","NA"
"-79.91","43.29","HAMILTON RBG CS","6153301","2015-10-10 04:00","2015","10","10","04:00","6.5","","5.7","","94","","0.0","","","","0","","","","100.78","","","","","","NA"
"-79.91","43.29","HAMILTON RBG CS","6153301","2015-10-10 05:00","2015","10","10","05:00","6.6","","5.8","","95","","0.0","","28","","4","","","","100.77","","","","","","NA"
"-79.91","43.29","HAMILTON RBG CS","6153301","2015-10-10 06:00","2015","10","10","06:00","7.7","","6.4","","91","","0.0","","25","","3","","","","100.80","","","","","","NA"
"-79.91","43.29","HAMILTON RBG CS","6153301","2015-10-10 07:00","2015","10","10","07:00","8.2","","6.5","","89","","0.0","","","","0","","","","100.83","","","","","","NA"
"-79.91","43.29","HAMILTON RBG CS","6153301","2015-10-10 08:00","2015","10","10","08:00","7.4","","5.9","","90","","0.0","","","","0","","","","100.84","","","","","","NA"
"-79.91","43.29","HAMILTON RBG CS","6153301","2015-10-10 09:00","2015","10","10","09:00","5.9","","4.9","","93","","0.0","","","","0","","","","100.90","","","","","","NA"
"-79.91","43.29","HAMILTON RBG CS","6153301","2015-10-10 10:00","2015","10","10","10:00","5.9","","5.1","","94","","0.0","","","","0","","","","100.94","","","","","","NA"
"-79.91","43.29","HAMILTON RBG CS","6153301","2015-10-10 11:00","2015","10","10","11:00","5.1","","4.4","","95","","0.0","","","","0","","","","100.93","","","","","","NA"
"-79.91","43.29","HAMILTON RBG CS","6153301","2015-10-10 12:00","2015","10","10","12:00","4.7","","4.1","","96","","0.0","","","","0","","","","100.96","","","","","","NA"
"-79.91","43.29","HAMILTON RBG CS","6153301","2015-10-10 13:00","2015","10","10","13:00","8.8","","5.9","","82","","0.0","","","","0","","","","100.97","","","","","","NA"
"-79.91","43.29","HAMILTON RBG CS","6153301","2015-10-10 14:00","2015","10","10","14:00","11.9","","5.2","","63","","0.0","","","","0","","","","100.98","","","","","","NA"
"-79.91","43.29","HAMILTON RBG CS","6153301","2015-10-10 15:00","2015","10","10","15:00","12.9","","5.7","","62","","0.0","","14","","4","","","","100.99","","","","","","NA"
"-79.91","43.29","HAMILTON RBG CS","6153301","2015-10-10 16:00","2015","10","10","16:00","14.3","","6.9","","61","","0.0","","14","","8","","","","100.93","","","","","","NA"
"-79.91","43.29","HAMILTON RBG CS","6153301","2015-10-10 17:00","2015","10","10","17:00","16.6","","7.9","","56","","0.0","","20","","6","","","","100.84","","","","","","NA"
"-79.91","43.29","HAMILTON RBG CS","6153301","2015-10-10 18:00","2015","10","10","18:00","15.5","","4.5","","48","","0.0","","26","","8","","","","100.73","","","","","","NA"
"-79.91","43.29","HAMILTON RBG CS","6153301","2015-10-10 19:00","2015","10","10","19:00","17.1","","4.5","","43","","0.0","","24","","6","","","","100.61","","","","","","NA"
"-79.91","43.29","HAMILTON RBG CS","6153301","2015-10-10 20:00","2015","10","10","20:00","16.8","","5.1","","46","","0.0","","24","","6","","","","100.52","","","","","","NA"
"-79.91","43.29","HAMILTON RBG CS","6153301","2015-10-10 21:00","2015","10","10","21:00","16.8","","4.9","","45","","0.0","","23","","5","","","","100.45","","","","","","NA"
"-79.91","43.29","HAMILTON RBG CS","6153301","2015-10-10 22:00","2015","10","10","22:00","16.1","","5.3","","49","","0.0","","23","","5","","","","100.40","","","","","","NA"
"-79.91","43.29","HAMILTON RBG CS","6153301","2015-10-10 23:00","2015","10","10","23:00","13.3","","6.8","","65","","0.0","","24","","5","","","","100.37","","","","","","NA"
"-79.91","43.29","HAMILTON RBG CS","6153301","2015-10-11 00:00","2015","10","11","00:00","12.2","","7.1","","71","","0.0","","25","","5","","","","100.35","","","","","","NA"
"-79.91","43.29","HAMILTON RBG CS","6153301","2015-10-11 01:00","2015","10","11","01:00","11.3","","7.2","","76","","0.0","","26","","6","","","","100.32","","","","","","NA"
"-79.91","43.29","HAMILTON RBG CS","6153301","2015-10-11 02:00","2015","10","11","02:00","10.6","","7.1","","79","","0.0","","27","","6","","","","100.30","","","","","","NA"
"-79.91","43.29","HAMILTON RBG CS","6153301","2015-10-11 03:00","2015","10","11","03:00","10.1","","7.1","","82","","0.0","","26","","5","","","","100.24","","","","","","NA"
"-79.91","43.29","HAMILTON RBG CS","6153301","2015-10-11 04:00","2015","10","11","04:00","10.7","","7.4","","80","","0.0","","26","","7","","","","100.21","","","","","","NA"
"-79.91","43.29","HAMILTON RBG CS","6153301","2015-10-11 05:00","2015","10","11","05:00","10.9","","7.5","","80","","0.0","","26","","8","","","","100.08","","","","","","NA"
"-79.91","43.29","HAMILTON RBG CS","6153301","2015-10-11 06:00","2015","10","11","06:00","10.9","","7.1","","78","","0.0","","26","","9","","","","100.01","","","","","","NA"
"-79.91","43.29","HAMILTON RBG CS","6153301","2015-10-11 07:00","2015","10","11","07:00","11.1","","7.3","","78","","0.0","","26","","9","","","","99.99","","","","","","NA"
"-79.91","43.29","HAMILTON RBG CS","6153301","2015-10-11 08:00","2015","10","11","08:00","10.9","","7.6","","80","","0.0","","26","","9","","","","99.97","","","","","","NA"
"-79.91","43.29","HAMILTON RBG CS","6153301","2015-10-11 09:00","2015","10","11","09:00","10.9","","8.2","","83","","0.0","","25","","7","","","","99.94","","","","","","NA"
"-79.91","43.29","HAMILTON RBG CS","6153301","2015-10-11 10:00","2015","10","11","10:00","11.2","","8.6","","84","","0.0","","25","","5","","","","99.91","","","","","","NA"
"-79.91","43.29","HAMILTON RBG CS","6153301","2015-10-11 11:00","2015","10","11","11:00","10.7","","8.3","","85","","0.0","","24","","4","","","","99.86","","","","","","NA"
"-79.91","43.29","HAMILTON RBG CS","6153301","2015-10-11 12:00","2015","10","11","12:00","11.6","","8.2","","80","","0.0","","24","","4","","","","99.78","","","","","","NA"
"-79.91","43.29","HAMILTON RBG CS","6153301","2015-10-11 13:00","2015","10","11","13:00","14.7","","8.5","","66","","0.0","","25","","7","","","","99.74","","","","","","NA"
"-79.91","43.29","HAMILTON RBG CS","6153301","2015-10-11 14:00","2015","10","11","14:00","16.9","","8.5","","58","","0.0","","24","","10","","","","99.72","","","","","","NA"
"-79.91","43.29","HAMILTON RBG CS","6153301","2015-10-11 15:00","2015","10","11","15:00","18.9","","8.0","","49","","0.0","","24","","11","","","","99.67","","","","","","NA"
"-79.91","43.29","HAMILTON RBG CS","6153301","2015-10-11 16:00","2015","10","11","16:00","20.8","","7.3","","41","","0.0","","25","","12","","","","99.64","","","","","","NA"
"-79.91","43.29","HAMILTON RBG CS","6153301","2015-10-11 17:00","2015","10","11","17:00","22.0","","6.5","","37","","0.0","","23","","14","","","","99.55","","","","","","NA"
"-79.91","43.29","HAMILTON RBG CS","6153301","2015-10-11 18:00","2015","10","11","18:00","22.1","","8.6","","42","","0.0","","24","","15","","","","99.46","","","","","","NA"
"-79.91","43.29","HAMILTON RBG CS","6153301","2015-10-11 19:00","2015","10","11","19:00","22.0","","9.1","","44","","0.0","","23","","12","","","","99.41","","","","","","NA"
"-79.91","43.29","HAMILTON RBG CS","6153301","2015-10-11 20:00","2015","10","11","20:00","21.3","","10.2","","49","","0.0","","23","","12","","","","99.39","","","","","","NA"
"-79.91","43.29","HAMILTON RBG CS","6153301","2015-10-11 21:00","2015","10","11","21:00","20.8","","10.1","","51","","0.0","","24","","10","","","","99.38","","","","","","NA"
"-79.91","43.29","HAMILTON RBG CS","6153301","2015-10-11 22:00","2015","10","11","22:00","19.2","","9.7","","54","","0.0","","24","","9","","","","99.38","","","","","","NA"
"-79.91","43.29","HAMILTON RBG CS","6153301","2015-10-11 23:00","2015","10","11","23:00","18.3","","7.5","","49","","0.0","","24","","10","","","","99.36","","","","","","NA"
"-79.91","43.29","HAMILTON RBG CS","6153301","2015-10-12 00:00","2015","10","12","00:00","17.7","","7.4","","51","","0.0","","25","","9","","","","99.38","","","","","","NA"
"-79.91","43.29","HAMILTON RBG CS","6153301","2015-10-12 01:00","2015","10","12","01:00","17.2","","7.5","","53","","0.0","","25","","9","","","","99.40","","","","","","NA"
"-79.91","43.29","HAMILTON RBG CS","6153301","2015-10-12 02:00","2015","10","12","02:00","16.4","","8.3","","59","","0.0","","26","","8","","","","99.41","","","","","","NA"
"-79.91","43.29","HAMILTON RBG CS","6153301","2015-10-12 03:00","2015","10","12","03:00","16.2","","9.2","","63","","0.0","","25","","8","","","","99.43","","","","","","NA"
"-79.91","43.29","HAMILTON RBG CS","6153301","2015-10-12 04:00","2015","10","12","04:00","15.6","","10.1","","70","","0.0","","25","","8","","","","99.42","","","","","","NA"
"-79.91","43.29","HAMILTON RBG CS","6153301","2015-10-12 05:00","2015","10","12","05:00","15.1","","10.5","","74","","0.0","","25","","5","","","","99.40","","","","","","NA"
"-79.91","43.29","HAMILTON RBG CS","6153301","2015-10-12 06:00","2015","10","12","06:00","14.6","","10.5","","76","","0.0","","26","","7","","","","99.40","","","","","","NA"
"-79.91","43.29","HAMILTON RBG CS","6153301","2015-10-12 07:00","2015","10","12","07:00","14.5","","10.5","","77","","0.0","","24","","5","","","","99.41","","","","","","NA"
"-79.91","43.29","HAMILTON RBG CS","6153301","2015-10-12 08:00","2015","10","12","08:00","14.2","","10.5","","79","","0.0","","26","","5","","","","99.38","","","","","","NA"
"-79.91","43.29","HAMILTON RBG CS","6153301","2015-10-12 09:00","2015","10","12","09:00","14.2","","10.7","","79","","0.0","","25","","6","","","","99.35","","","","","","NA"
"-79.91","43.29","HAMILTON RBG CS","6153301","2015-10-12 10:00","2015","10","12","10:00","14.2","","10.8","","80","","0.0","","26","","7","","","","99.35","","","","","","NA"
"-79.91","43.29","HAMILTON RBG CS","6153301","2015-10-12 11:00","2015","10","12","11:00","13.8","","11.0","","83","","0.0","","24","","5","","","","99.33","","","","","","NA"
"-79.91","43.29","HAMILTON RBG CS","6153301","2015-10-12 12:00","2015","10","12","12:00","14.3","","11.3","","82","","0.0","","26","","6","","","","99.33","","","","","","NA"
"-79.91","43.29","HAMILTON RBG CS","6153301","2015-10-12 13:00","2015","10","12","13:00","17.0","","11.1","","68","","0.0","","23","","5","","","","99.32","","","","","","NA"
"-79.91","43.29","HAMILTON RBG CS","6153301","2015-10-12 14:00","2015","10","12","14:00","18.8","","11.1","","61","","0.0","","23","","7","","","","99.24","","","","","","NA"
"-79.91","43.29","HAMILTON RBG CS","6153301","2015-10-12 15:00","2015","10","12","15:00","20.6","","10.8","","54","","0.0","","23","","10","","","","99.21","","","","","","NA"
"-79.91","43.29","HAMILTON RBG CS","6153301","2015-10-12 16:00","2015","10","12","16:00","21.9","","12.1","","54","","0.0","","20","","7","","","","99.11","","","","","","NA"
"-79.91","43.29","HAMILTON RBG CS","6153301","2015-10-12 17:00","2015","10","12","17:00","22.7","","10.9","","47","","0.0","","21","","8","","","","99.02","","","","","","NA"
"-79.91","43.29","HAMILTON RBG CS","6153301","2015-10-12 18:00","2015","10","12","18:00","22.6","","10.8","","47","","0.0","","20","","9","","","","98.93","","","","","","NA"
"-79.91","43.29","HAMILTON RBG CS","6153301","2015-10-12 19:00","2015","10","12","19:00","22.8","","10.1","","45","","0.0","","20","","8","","","","98.84","","","","","","NA"
"-79.91","43.29","HAMILTON RBG CS","6153301","2015-10-12 20:00","2015","10","12","20:00","22.7","","7.4","","37","","0.0","","22","","11","","","","98.78","","","","","","NA"
"-79.91","43.29","HAMILTON RBG CS","6153301","2015-10-12 21:00","2015","10","12","21:00","21.9","","8.0","","41","","0.0","","23","","7","","","","98.75","","","","","","NA"
"-79.91","43.29","HAMILTON RBG CS","6153301","2015-10-12 22:00","2015","10","12","22:00","21.6","","8.5","","43","","0.0","","22","","5","","","","98.68","","","","","","NA"
"-79.91","43.29","HAMILTON RBG CS","6153301","2015-10-12 23:00","2015","10","12","23:00","20.8","","9.0","","47","","0.0","","22","","4","","","","98.66","","","","","","NA"
"-79.91","43.29","HAMILTON RBG CS","6153301","2015-10-13 00:00","2015","10","13","00:00","20.7","","9.6","","49","","0.0","","23","","4","","","","98.61","","","","","","NA"
"-79.91","43.29","HAMILTON RBG CS","6153301","2015-10-13 01:00","2015","10","13","01:00","20.3","","9.4","","50","","0.0","","23","","5","","","","98.55","","","","","","NA"
"-79.91","43.29","HAMILTON RBG CS","6153301","2015-10-13 02:00","2015","10","13","02:00","20.5","","8.9","","47","","0.0","","24","","6","","","","98.50","","","","","","NA"
"-79.91","43.29","HAMILTON RBG CS","6153301","2015-10-13 03:00","2015","10","13","03:00","19.9","","9.3","","50","","0.0","","24","","6","","","","98.43","","","","","","NA"
"-79.91","43.29","HAMILTON RBG CS","6153301","2015-10-13 04:00","2015","10","13","04:00","19.7","","10.1","","54","","0.0","","25","","6","","","","98.36","","","","","","NA"
"-79.91","43.29","HAMILTON RBG CS","6153301","2015-10-13 05:00","2015","10","13","05:00","19.5","","11.0","","58","","0.0","","24","","7","","","","98.31","","","","","","NA"
"-79.91","43.29","HAMILTON RBG CS","6153301","2015-10-13 06:00","2015","10","13","06:00","19.0","","11.7","","63","","0.0","","24","","5","","","","98.25","","","","","","NA"
"-79.91","43.29","HAMILTON RBG CS","6153301","2015-10-13 07:00","2015","10","13","07:00","18.7","","11.9","","65","","0.0","","24","","5","","","","98.21","","","","","","NA"
"-79.91","43.29","HAMILTON RBG CS","6153301","2015-10-13 08:00","2015","10","13","08:00","18.2","","12.5","","69","","0.0","","24","","4","","","","98.14","","","","","","NA"
"-79.91","43.29","HAMILTON RBG CS","6153301","2015-10-13 09:00","2015","10","13","09:00","17.2","","12.8","","75","","0.0","","23","","3","","","","98.15","","","","","","NA"
"-79.91","43.29","HAMILTON RBG CS","6153301","2015-10-13 10:00","2015","10","13","10:00","16.9","","12.0","","73","","0.0","","24","","5","","","","98.21","","","","","","NA"
"-79.91","43.29","HAMILTON RBG CS","6153301","2015-10-13 11:00","2015","10","13","11:00","15.7","","9.8","","68","","0.0","","27","","11","","","","98.29","","","","","","NA"
"-79.91","43.29","HAMILTON RBG CS","6153301","2015-10-13 12:00","2015","10","13","12:00","15.0","","6.7","","58","","0.0","","26","","11","","","","98.36","","","","","","NA"
"-79.91","43.29","HAMILTON RBG CS","6153301","2015-10-13 13:00","2015","10","13","13:00","14.6","","7.0","","60","","0.0","","25","","8","","","","98.39","","","","","","NA"
"-79.91","43.29","HAMILTON RBG CS","6153301","2015-10-13 14:00","2015","10","13","14:00","15.6","","6.3","","54","","0.0","","26","","13","","","","98.41","","","","","","NA"
"-79.91","43.29","HAMILTON RBG CS","6153301","2015-10-13 15:00","2015","10","13","15:00","16.3","","6.5","","52","","0.0","","26","","14","","","","98.43","","","","","","NA"
"-79.91","43.29","HAMILTON RBG CS","6153301","2015-10-13 16:00","2015","10","13","16:00","16.2","","6.4","","52","","0.0","","27","","13","","","","98.48","","","","","","NA"
"-79.91","43.29","HAMILTON RBG CS","6153301","2015-10-13 17:00","2015","10","13","17:00","16.4","","7.1","","54","","0.0","","26","","18","","","","98.50","","","","","","NA"
"-79.91","43.29","HAMILTON RBG CS","6153301","2015-10-13 18:00","2015","10","13","18:00","16.6","","8.3","","58","","0.0","","27","","18","","","","98.52","","","","","","NA"
"-79.91","43.29","HAMILTON RBG CS","6153301","2015-10-13 19:00","2015","10","13","19:00","15.6","","8.0","","60","","0.0","","26","","15","","","","98.55","","","","","","NA"
"-79.91","43.29","HAMILTON RBG CS","6153301","2015-10-13 20:00","2015","10","13","20:00","16.2","","8.3","","60","","0.0","","26","","14","","","","98.60","","","","","","NA"
"-79.91","43.29","HAMILTON RBG CS","6153301","2015-10-13 21:00","2015","10","13","21:00","15.5","","8.9","","65","","0.0","","26","","14","","","","98.68","","","","","","NA"
"-79.91","43.29","HAMILTON RBG CS","6153301","2015-10-13 22:00","2015","10","13","22:00","15.2","","9.4","","68","","0.0","","26","","12","","","","98.72","","","","","","NA"
"-79.91","43.29","HAMILTON RBG CS","6153301","2015-10-13 23:00","2015","10","13","23:00","13.9","","10.2","","79","","0.0","","25","","11","","","","98.79","","","","","","NA"
"-79.91","43.29","HAMILTON RBG CS","6153301","2015-10-14 00:00","2015","10","14","00:00","13.8","","10.3","","80","","0.0","","26","","9","","","","98.87","","","","","","NA"
"-79.91","43.29","HAMILTON RBG CS","6153301","2015-10-14 01:00","2015","10","14","01:00","14.2","","9.7","","74","","0.0","","27","","15","","","","98.93","","","","","","NA"
"-79.91","43.29","HAMILTON RBG CS","6153301","2015-10-14 02:00","2015","10","14","02:00","13.8","","9.8","","77","","0.0","","26","","10","","","","99.01","","","","","","NA"
"-79.91","43.29","HAMILTON RBG CS","6153301","2015-10-14 03:00","2015","10","14","03:00","13.8","","9.7","","77","","0.0","","27","","12","","","","99.06","","","","","","NA"
"-79.91","43.29","HAMILTON RBG CS","6153301","2015-10-14 04:00","2015","10","14","04:00","13.3","","9.3","","77","","0.0","","27","","13","","","","99.09","","","","","","NA"
"-79.91","43.29","HAMILTON RBG CS","6153301","2015-10-14 05:00","2015","10","14","05:00","12.3","","9.1","","81","","0.0","","29","","17","","","","99.12","","","","","","NA"
"-79.91","43.29","HAMILTON RBG CS","6153301","2015-10-14 06:00","2015","10","14","06:00","11.5","","8.0","","79","","0.0","","28","","10","","","","99.16","","","","","","NA"
"-79.91","43.29","HAMILTON RBG CS","6153301","2015-10-14 07:00","2015","10","14","07:00","11.2","","7.6","","79","","0.0","","26","","7","","","","99.21","","","","","","NA"
"-79.91","43.29","HAMILTON RBG CS","6153301","2015-10-14 08:00","2015","10","14","08:00","11.0","","7.2","","78","","0.0","","28","","9","","","","99.22","","","","","","NA"
"-79.91","43.29","HAMILTON RBG CS","6153301","2015-10-14 09:00","2015","10","14","09:00","11.2","","7.5","","78","","0.0","","27","","7","","","","99.27","","","","","","NA"
"-79.91","43.29","HAMILTON RBG CS","6153301","2015-10-14 10:00","2015","10","14","10:00","10.5","","7.3","","81","","0.0","","27","","6","","","","99.36","","","","","","NA"
"-79.91","43.29","HAMILTON RBG CS","6153301","2015-10-14 11:00","2015","10","14","11:00","10.1","","7.4","","84","","0.0","","","","0","","","","99.45","","","","","","NA"
"-79.91","43.29","HAMILTON RBG CS","6153301","2015-10-14 12:00","2015","10","14","12:00","9.8","","8.4","","91","","0.0","","","","0","","","","99.54","","","","","","NA"
"-79.91","43.29","HAMILTON RBG CS","6153301","2015-10-14 13:00","2015","10","14","13:00","10.2","","8.3","","88","","0.0","","","","0","","","","99.61","","","","","","NA"
"-79.91","43.29","HAMILTON RBG CS","6153301","2015-10-14 14:00","2015","10","14","14:00","10.6","","7.5","","81","","0.0","","31","","5","","","","99.71","","","","","","NA"
"-79.91","43.29","HAMILTON RBG CS","6153301","2015-10-14 15:00","2015","10","14","15:00","10.7","","6.8","","77","","0.0","","33","","7","","","","99.75","","","","","","NA"
"-79.91","43.29","HAMILTON RBG CS","6153301","2015-10-14 16:00","2015","10","14","16:00","11.7","","5.4","","65","","0.0","","32","","11","","","","99.80","","","","","","NA"
"-79.91","43.29","HAMILTON RBG CS","6153301","2015-10-14 17:00","2015","10","14","17:00","12.8","","4.9","","58","","0.0","","30","","12","","","","99.81","","","","","","NA"
"-79.91","43.29","HAMILTON RBG CS","6153301","2015-10-14 18:00","2015","10","14","18:00","12.6","","3.8","","55","","0.0","","30","","13","","","","99.79","","","","","","NA"
"-79.91","43.29","HAMILTON RBG CS","6153301","2015-10-14 19:00","2015","10","14","19:00","13.5","","4.4","","54","","0.0","","32","","11","","","","99.80","","","","","","NA"
"-79.91","43.29","HAMILTON RBG CS","6153301","2015-10-14 20:00","2015","10","14","20:00","12.9","","3.8","","54","","0.0","","31","","13","","","","99.85","","","","","","NA"
"-79.91","43.29","HAMILTON RBG CS","6153301","2015-10-14 21:00","2015","10","14","21:00","12.4","","3.1","","53","","0.0","","30","","12","","","","99.88","","","","","","NA"
"-79.91","43.29","HAMILTON RBG CS","6153301","2015-10-14 22:00","2015","10","14","22:00","11.9","","2.6","","53","","0.0","","31","","11","","","","99.93","","","","","","NA"
"-79.91","43.29","HAMILTON RBG CS","6153301","2015-10-14 23:00","2015","10","14","23:00","10.3","","2.6","","59","","0.0","","29","","6","","","","100.00","","","","","","NA"
"-79.91","43.29","HAMILTON RBG CS","6153301","2015-10-15 00:00","2015","10","15","00:00","8.0","","3.2","","72","","0.0","","","","0","","","","100.07","","","","","","NA"
"-79.91","43.29","HAMILTON RBG CS","6153301","2015-10-15 01:00","2015","10","15","01:00","6.5","","3.4","","81","","0.0","","","","0","","","","100.13","","","","","","NA"
"-79.91","43.29","HAMILTON RBG CS","6153301","2015-10-15 02:00","2015","10","15","02:00","6.8","","3.3","","78","","0.0","","28","","4","","","","100.16","","","","","","NA"
"-79.91","43.29","HAMILTON RBG CS","6153301","2015-10-15 03:00","2015","10","15","03:00","4.5","","2.5","","87","","0.0","","","","0","","","","100.13","","","","","","NA"
"-79.91","43.29","HAMILTON RBG CS","6153301","2015-10-15 04:00","2015","10","15","04:00","3.6","","2.3","","92","","0.0","","","","0","","","","100.13","","","","","","NA"
"-79.91","43.29","HAMILTON RBG CS","6153301","2015-10-15 05:00","2015","10","15","05:00","4.6","","3.6","","93","","0.0","","27","","4","","","","100.10","","","","","","NA"
"-79.91","43.29","HAMILTON RBG CS","6153301","2015-10-15 06:00","2015","10","15","06:00","5.1","","3.4","","89","","0.0","","26","","6","","","","100.10","","","","","","NA"
"-79.91","43.29","HAMILTON RBG CS","6153301","2015-10-15 07:00","2015","10","15","07:00","5.9","","3.9","","87","","0.0","","26","","6","","","","100.04","","","","","","NA"
"-79.91","43.29","HAMILTON RBG CS","6153301","2015-10-15 08:00","2015","10","15","08:00","6.1","","3.5","","84","","0.0","","25","","7","","","","100.04","","","","","","NA"
"-79.91","43.29","HAMILTON RBG CS","6153301","2015-10-15 09:00","2015","10","15","09:00","5.8","","3.2","","83","","0.0","","26","","6","","","","100.01","","","","","","NA"
"-79.91","43.29","HAMILTON RBG CS","6153301","2015-10-15 10:00","2015","10","15","10:00","5.9","","3.1","","82","","0.0","","26","","7","","","","100.00","","","","","","NA"
"-79.91","43.29","HAMILTON RBG CS","6153301","2015-10-15 11:00","2015","10","15","11:00","6.1","","3.4","","83","","0.0","","27","","9","","","","100.02","","","","","","NA"
"-79.91","43.29","HAMILTON RBG CS","6153301","2015-10-15 12:00","2015","10","15","12:00","7.5","","4.2","","79","","0.0","","27","","9","","","","100.00","","","","","","NA"
"-79.91","43.29","HAMILTON RBG CS","6153301","2015-10-15 13:00","2015","10","15","13:00","8.8","","4.7","","75","","0.0","","26","","7","","","","99.99","","","","","","NA"
"-79.91","43.29","HAMILTON RBG CS","6153301","2015-10-15 14:00","2015","10","15","14:00","12.9","","5.7","","61","","0.0","","26","","9","","","","100.02","","","","","","NA"
"-79.91","43.29","HAMILTON RBG CS","6153301","2015-10-15 15:00","2015","10","15","15:00","14.9","","6.0","","55","","0.0","","26","","10","","","","99.97","","","","","","NA"
"-79.91","43.29","HAMILTON RBG CS","6153301","2015-10-15 16:00","2015","10","15","16:00","17.5","","6.4","","48","","0.0","","24","","8","","","","99.91","","","","","","NA"
"-79.91","43.29","HAMILTON RBG CS","6153301","2015-10-15 17:00","2015","10","15","17:00","18.6","","5.8","","43","","0.0","","26","","12","","","","99.82","","","","","","NA"
"-79.91","43.29","HAMILTON RBG CS","6153301","2015-10-15 18:00","2015","10","15","18:00","18.7","","4.7","","40","","0.0","","23","","14","","","","99.70","","","","","","NA"
"-79.91","43.29","HAMILTON RBG CS","6153301","2015-10-15 19:00","2015","10","15","19:00","18.7","","4.5","","39","","0.0","","24","","13","","","","99.61","","","","","","NA"
"-79.91","43.29","HAMILTON RBG CS","6153301","2015-10-15 20:00","2015","10","15","20:00","15.8","","6.5","","54","","0.0","","24","","15","","","","99.63","","","","","","NA"
"-79.91","43.29","HAMILTON RBG CS","6153301","2015-10-15 21:00","2015","10","15","21:00","16.5","","5.1","","47","","0.0","","24","","13","","","","99.54","","","","","","NA"
"-79.91","43.29","HAMILTON RBG CS","6153301","2015-10-15 22:00","2015","10","15","22:00","10.9","","7.2","","78","","1.2","","24","","13","","","","99.62","","","","","","NA"
"-79.91","43.29","HAMILTON RBG CS","6153301","2015-10-15 23:00","2015","10","15","23:00","11.2","","6.9","","75","","0.0","","25","","5","","","","99.64","","","","","","NA"
"-79.91","43.29","HAMILTON RBG CS","6153301","2015-10-16 00:00","2015","10","16","00:00","9.1","","6.9","","86","","2.4","","28","","7","","","","99.86","","","","","","NA"
"-79.91","43.29","HAMILTON RBG CS","6153301","2015-10-16 01:00","2015","10","16","01:00","9.1","","7.0","","87","","1.6","","25","","6","","","","99.86","","","","","","NA"
"-79.91","43.29","HAMILTON RBG CS","6153301","2015-10-16 02:00","2015","10","16","02:00","9.2","","6.8","","85","","0.3","","30","","10","","","","99.86","","","","","","NA"
"-79.91","43.29","HAMILTON RBG CS","6153301","2015-10-16 03:00","2015","10","16","03:00","8.6","","7.1","","90","","0.2","","25","","5","","","","99.93","","","","","","NA"
"-79.91","43.29","HAMILTON RBG CS","6153301","2015-10-16 04:00","2015","10","16","04:00","8.2","","6.3","","87","","0.0","","27","","3","","","","99.88","","","","","","NA"
"-79.91","43.29","HAMILTON RBG CS","6153301","2015-10-16 05:00","2015","10","16","05:00","7.1","","6.0","","92","","0.0","","","","0","","","","99.94","","","","","","NA"
"-79.91","43.29","HAMILTON RBG CS","6153301","2015-10-16 06:00","2015","10","16","06:00","6.7","","5.1","","90","","0.0","","26","","5","","","","99.98","","","","","","NA"
"-79.91","43.29","HAMILTON RBG CS","6153301","2015-10-16 07:00","2015","10","16","07:00","6.3","","4.9","","91","","0.0","","26","","5","","","","100.03","","","","","","NA"
"-79.91","43.29","HAMILTON RBG CS","6153301","2015-10-16 08:00","2015","10","16","08:00","5.3","","4.1","","92","","0.0","","","","0","","","","100.06","","","","","","NA"
"-79.91","43.29","HAMILTON RBG CS","6153301","2015-10-16 09:00","2015","10","16","09:00","4.9","","4.1","","95","","0.0","","26","","4","","","","100.09","","","","","","NA"
"-79.91","43.29","HAMILTON RBG CS","6153301","2015-10-16 10:00","2015","10","16","10:00","4.6","","3.9","","95","","0.0","","","","0","","","","100.18","","","","","","NA"
"-79.91","43.29","HAMILTON RBG CS","6153301","2015-10-16 11:00","2015","10","16","11:00","4.2","","3.5","","95","","0.2","","","","0","","","","100.25","","","","","","NA"
"-79.91","43.29","HAMILTON RBG CS","6153301","2015-10-16 12:00","2015","10","16","12:00","5.1","","4.4","","95","","0.0","","26","","4","","","","100.32","","","","","","NA"
"-79.91","43.29","HAMILTON RBG CS","6153301","2015-10-16 13:00","2015","10","16","13:00","7.3","","5.8","","90","","0.0","","","","0","","","","100.39","","","","","","NA"
"-79.91","43.29","HAMILTON RBG CS","6153301","2015-10-16 14:00","2015","10","16","14:00","10.6","","6.7","","77","","0.0","","26","","9","","","","100.41","","","","","","NA"
"-79.91","43.29","HAMILTON RBG CS","6153301","2015-10-16 15:00","2015","10","16","15:00","12.2","","6.7","","69","","0.0","","26","","13","","","","100.38","","","","","","NA"
"-79.91","43.29","HAMILTON RBG CS","6153301","2015-10-16 16:00","2015","10","16","16:00","12.9","","5.7","","62","","0.0","","26","","10","","","","100.35","","","","","","NA"
"-79.91","43.29","HAMILTON RBG CS","6153301","2015-10-16 17:00","2015","10","16","17:00","13.9","","4.9","","55","","0.0","","29","","15","","","","100.31","","","","","","NA"
"-79.91","43.29","HAMILTON RBG CS","6153301","2015-10-16 18:00","2015","10","16","18:00","14.1","","3.8","","50","","0.0","","29","","15","","","","100.25","","","","","","NA"
"-79.91","43.29","HAMILTON RBG CS","6153301","2015-10-16 19:00","2015","10","16","19:00","10.1","","5.7","","74","","0.0","","28","","12","","","","100.31","","","","","","NA"
"-79.91","43.29","HAMILTON RBG CS","6153301","2015-10-16 20:00","2015","10","16","20:00","8.6","","5.6","","81","","1.0","","31","","19","","","","100.39","","","","","","NA"
"-79.91","43.29","HAMILTON RBG CS","6153301","2015-10-16 21:00","2015","10","16","21:00","8.9","","5.0","","77","","0.0","","29","","10","","","","100.45","","","","","","NA"
"-79.91","43.29","HAMILTON RBG CS","6153301","2015-10-16 22:00","2015","10","16","22:00","9.1","","3.8","","70","","0.2","","30","","11","","","","100.47","","","","","","NA"
"-79.91","43.29","HAMILTON RBG CS","6153301","2015-10-16 23:00","2015","10","16","23:00","7.4","","1.6","","67","","0.0","","31","","10","","","","100.54","","","","","","NA"
"-79.91","43.29","HAMILTON RBG CS","6153301","2015-10-17 00:00","2015","10","17","00:00","6.4","","1.7","","72","","0.0","","26","","5","","","","100.65","","","","","","NA"
"-79.91","43.29","HAMILTON RBG CS","6153301","2015-10-17 01:00","2015","10","17","01:00","4.7","","1.5","","80","","0.0","","27","","4","","","","100.66","","","","","","NA"
"-79.91","43.29","HAMILTON RBG CS","6153301","2015-10-17 02:00","2015","10","17","02:00","4.0","","0.2","","76","","0.0","","26","","4","","","","100.69","","","","","","NA"
"-79.91","43.29","HAMILTON RBG CS","6153301","2015-10-17 03:00","2015","10","17","03:00","4.1","","-0.3","","73","","0.0","","26","","5","","","","100.69","","","","","","NA"
"-79.91","43.29","HAMILTON RBG CS","6153301","2015-10-17 04:00","2015","10","17","04:00","3.7","","-0.6","","74","","0.0","","27","","5","","","","100.73","","","","","","NA"
"-79.91","43.29","HAMILTON RBG CS","6153301","2015-10-17 05:00","2015","10","17","05:00","2.6","","-0.4","","81","","0.0","","27","","4","","","","100.75","","","","","","NA"
"-79.91","43.29","HAMILTON RBG CS","6153301","2015-10-17 06:00","2015","10","17","06:00","1.8","","-0.1","","87","","0.0","","26","","4","","","","100.77","","","","","","NA"
"-79.91","43.29","HAMILTON RBG CS","6153301","2015-10-17 07:00","2015","10","17","07:00","0.9","","-0.8","","88","","0.0","","27","","3","","","","100.82","","","","","","NA"
"-79.91","43.29","HAMILTON RBG CS","6153301","2015-10-17 08:00","2015","10","17","08:00","0.1","","-1.4","","90","","0.0","","26","","3","","","","100.81","","","","","","NA"
"-79.91","43.29","HAMILTON RBG CS","6153301","2015-10-17 09:00","2015","10","17","09:00","-0.4","","-1.6","","92","","0.0","","27","","3","","","","100.87","","","","-1","","NA"
"-79.91","43.29","HAMILTON RBG CS","6153301","2015-10-17 10:00","2015","10","17","10:00","-1.3","","-2.3","","93","","0.0","","","","0","","","","100.95","","","","","","NA"
"-79.91","43.29","HAMILTON RBG CS","6153301","2015-10-17 11:00","2015","10","17","11:00","-1.0","","-1.6","","95","","0.0","","","","0","","","","100.98","","","","","","NA"
"-79.91","43.29","HAMILTON RBG CS","6153301","2015-10-17 12:00","2015","10","17","12:00","-0.9","","-1.5","","96","","0.0","","","","0","","","","101.04","","","","","","NA"
"-79.91","43.29","HAMILTON RBG CS","6153301","2015-10-17 13:00","2015","10","17","13:00","2.6","","-0.8","","78","","0.0","","","","0","","","","101.12","","","","","","NA"
"-79.91","43.29","HAMILTON RBG CS","6153301","2015-10-17 14:00","2015","10","17","14:00","4.9","","-0.5","","68","","0.0","","30","","5","","","","101.16","","","","","","NA"
"-79.91","43.29","HAMILTON RBG CS","6153301","2015-10-17 15:00","2015","10","17","15:00","5.7","","-1.3","","61","","0.0","","31","","6","","","","101.16","","","","","","NA"
"-79.91","43.29","HAMILTON RBG CS","6153301","2015-10-17 16:00","2015","10","17","16:00","6.9","","-3.1","","49","","0.0","","29","","7","","","","101.14","","","","","","NA"
"-79.91","43.29","HAMILTON RBG CS","6153301","2015-10-17 17:00","2015","10","17","17:00","7.9","","-3.6","","44","","0.0","","30","","11","","","","101.12","","","","","","NA"
"-79.91","43.29","HAMILTON RBG CS","6153301","2015-10-17 18:00","2015","10","17","18:00","8.6","","-4.8","","38","","0.0","","30","","11","","","","101.07","","","","","","NA"
"-79.91","43.29","HAMILTON RBG CS","6153301","2015-10-17 19:00","2015","10","17","19:00","7.9","","-6.9","","34","","0.0","","30","","13","","","","101.07","","","","","","NA"
"-79.91","43.29","HAMILTON RBG CS","6153301","2015-10-17 20:00","2015","10","17","20:00","8.0","","-7.3","","33","","0.0","","30","","9","","","","101.08","","","","","","NA"
"-79.91","43.29","HAMILTON RBG CS","6153301","2015-10-17 21:00","2015","10","17","21:00","6.5","","-1.1","","58","","0.0","","6","","6","","","","101.11","","","","","","NA"
"-79.91","43.29","HAMILTON RBG CS","6153301","2015-10-17 22:00","2015","10","17","22:00","6.8","","-8.6","","32","","0.0","","31","","13","","","","101.15","","","","","","NA"
"-79.91","43.29","HAMILTON RBG CS","6153301","2015-10-17 23:00","2015","10","17","23:00","4.8","","-3.7","","54","","0.0","","","","0","","","","101.19","","","","","","NA"
"-79.91","43.29","HAMILTON RBG CS","6153301","2015-10-18 00:00","2015","10","18","00:00","2.3","","-1.4","","77","","0.0","","32","","3","","","","101.24","","","","","","NA"
"-79.91","43.29","HAMILTON RBG CS","6153301","2015-10-18 01:00","2015","10","18","01:00","1.2","","-2.0","","79","","0.0","","31","","4","","","","101.28","","","","","","NA"
"-79.91","43.29","HAMILTON RBG CS","6153301","2015-10-18 02:00","2015","10","18","02:00","0.5","","-3.8","","73","","0.0","","30","","4","","","","101.33","","","","","","NA"
"-79.91","43.29","HAMILTON RBG CS","6153301","2015-10-18 03:00","2015","10","18","03:00","0.5","","-3.8","","73","","0.0","","29","","5","","","","101.34","","","","","","NA"
"-79.91","43.29","HAMILTON RBG CS","6153301","2015-10-18 04:00","2015","10","18","04:00","0.6","","-3.1","","76","","0.0","","","","0","","","","101.32","","","","","","NA"
"-79.91","43.29","HAMILTON RBG CS","6153301","2015-10-18 05:00","2015","10","18","05:00","-0.1","","-3.3","","79","","0.0","","","","0","","","","101.30","","","","","","NA"
"-79.91","43.29","HAMILTON RBG CS","6153301","2015-10-18 06:00","2015","10","18","06:00","0.4","","-2.6","","81","","0.0","","","","0","","","","101.27","","","","","","NA"
"-79.91","43.29","HAMILTON RBG CS","6153301","2015-10-18 07:00","2015","10","18","07:00","0.9","","-1.8","","82","","0.0","","","","0","","","","101.26","","","","","","NA"
"-79.91","43.29","HAMILTON RBG CS","6153301","2015-10-18 08:00","2015","10","18","08:00","0.8","","-1.8","","83","","0.0","","","","0","","","","101.26","","","","","","NA"
"-79.91","43.29","HAMILTON RBG CS","6153301","2015-10-18 09:00","2015","10","18","09:00","0.9","","-1.4","","85","","0.0","","","","0","","","","101.29","","","","","","NA"
"-79.91","43.29","HAMILTON RBG CS","6153301","2015-10-18 10:00","2015","10","18","10:00","1.3","","-0.8","","85","","0.0","","","","0","","","","101.29","","","","","","NA"
"-79.91","43.29","HAMILTON RBG CS","6153301","2015-10-18 11:00","2015","10","18","11:00","1.6","","-0.5","","86","","0.0","","","","0","","","","101.32","","","","","","NA"
"-79.91","43.29","HAMILTON RBG CS","6153301","2015-10-18 12:00","2015","10","18","12:00","1.1","","-1.0","","86","","0.0","","","","0","","","","101.39","","","","","","NA"
"-79.91","43.29","HAMILTON RBG CS","6153301","2015-10-18 13:00","2015","10","18","13:00","1.7","","0.0","","89","","0.0","","","","0","","","","101.43","","","","","","NA"
"-79.91","43.29","HAMILTON RBG CS","6153301","2015-10-18 14:00","2015","10","18","14:00","3.9","","0.1","","76","","0.0","","26","","4","","","","101.47","","","","","","NA"
"-79.91","43.29","HAMILTON RBG CS","6153301","2015-10-18 15:00","2015","10","18","15:00","6.6","","-1.9","","55","","0.0","","28","","10","","","","101.50","","","","","","NA"
"-79.91","43.29","HAMILTON RBG CS","6153301","2015-10-18 16:00","2015","10","18","16:00","6.6","","-3.9","","47","","0.0","","34","","9","","","","101.51","","","","","","NA"
"-79.91","43.29","HAMILTON RBG CS","6153301","2015-10-18 17:00","2015","10","18","17:00","7.0","","-4.9","","42","","0.0","","34","","12","","","","101.52","","","","","","NA"
"-79.91","43.29","HAMILTON RBG CS","6153301","2015-10-18 18:00","2015","10","18","18:00","7.8","","-5.2","","39","","0.0","","29","","16","","","","101.49","","","","","","NA"
"-79.91","43.29","HAMILTON RBG CS","6153301","2015-10-18 19:00","2015","10","18","19:00","7.7","","-6.1","","37","","0.0","","31","","9","","","","101.49","","","","","","NA"
"-79.91","43.29","HAMILTON RBG CS","6153301","2015-10-18 20:00","2015","10","18","20:00","7.4","","-5.2","","40","","0.0","","34","","10","","","","101.53","","","","","","NA"
"-79.91","43.29","HAMILTON RBG CS","6153301","2015-10-18 21:00","2015","10","18","21:00","7.7","","-7.9","","32","","0.0","","30","","12","","","","101.54","","","","","","NA"
"-79.91","43.29","HAMILTON RBG CS","6153301","2015-10-18 22:00","2015","10","18","22:00","6.6","","-4.0","","47","","0.0","","34","","8","","","","101.61","","","","","","NA"
"-79.91","43.29","HAMILTON RBG CS","6153301","2015-10-18 23:00","2015","10","18","23:00","5.0","","-3.3","","55","","0.0","","32","","3","","","","101.65","","","","","","NA"
"-79.91","43.29","HAMILTON RBG CS","6153301","2015-10-19 00:00","2015","10","19","00:00","2.8","","-2.7","","67","","0.0","","33","","3","","","","101.71","","","","","","NA"
"-79.91","43.29","HAMILTON RBG CS","6153301","2015-10-19 01:00","2015","10","19","01:00","0.4","","-2.6","","80","","0.0","","","","0","","","","101.72","","","","","","NA"
"-79.91","43.29","HAMILTON RBG CS","6153301","2015-10-19 02:00","2015","10","19","02:00","-0.9","","-3.1","","85","","0.0","","","","0","","","","101.72","","","","","","NA"
"-79.91","43.29","HAMILTON RBG CS","6153301","2015-10-19 03:00","2015","10","19","03:00","-1.6","","-3.6","","87","","0.0","","29","","4","","","","101.72","","","","-3","","NA"
"-79.91","43.29","HAMILTON RBG CS","6153301","2015-10-19 04:00","2015","10","19","04:00","-0.9","","-4.3","","78","","0.0","","28","","5","","","","101.70","","","","-3","","NA"
"-79.91","43.29","HAMILTON RBG CS","6153301","2015-10-19 05:00","2015","10","19","05:00","-2.3","","-3.9","","88","","0.0","","","","0","","","","101.69","","","","","","NA"
"-79.91","43.29","HAMILTON RBG CS","6153301","2015-10-19 06:00","2015","10","19","06:00","-2.6","","-4.1","","89","","0.0","","","","0","","","","101.66","","","","","","NA"
"-79.91","43.29","HAMILTON RBG CS","6153301","2015-10-19 07:00","2015","10","19","07:00","-2.5","","-4.1","","89","","0.0","","","","0","","","","101.68","","","","","","NA"
"-79.91","43.29","HAMILTON RBG CS","6153301","2015-10-19 08:00","2015","10","19","08:00","-3.1","","-4.1","","93","","0.0","","","","0","","","","101.65","","","","","","NA"
"-79.91","43.29","HAMILTON RBG CS","6153301","2015-10-19 09:00","2015","10","19","09:00","-3.3","","-4.3","","93","","0.0","","","","0","","","","101.65","","","","","","NA"
"-79.91","43.29","HAMILTON RBG CS","6153301","2015-10-19 10:00","2015","10","19","10:00","-3.1","","-4.1","","92","","0.0","","","","0","","","","101.64","","","","","","NA"
"-79.91","43.29","HAMILTON RBG CS","6153301","2015-10-19 11:00","2015","10","19","11:00","-3.2","","-4.3","","92","","0.0","","","","0","","","","101.56","","","","","","NA"
"-79.91","43.29","HAMILTON RBG CS","6153301","2015-10-19 12:00","2015","10","19","12:00","-2.9","","-3.9","","93","","0.0","","","","0","","","","101.52","","","","","","NA"
"-79.91","43.29","HAMILTON RBG CS","6153301","2015-10-19 13:00","2015","10","19","13:00","","M","0.2","","77","","0.0","","27","","5","","","","101.44","","","","","","NA"
"-79.91","43.29","HAMILTON RBG CS","6153301","2015-10-19 14:00","2015","10","19","14:00","","M","2.3","","62","","0.0","","24","","8","","","","101.39","","","","","","NA"
"-79.91","43.29","HAMILTON RBG CS","6153301","2015-10-19 15:00","2015","10","19","15:00","11.5","","2.9","","56","","0.0","","23","","11","","","","101.28","","","","","","NA"
"-79.91","43.29","HAMILTON RBG CS","6153301","2015-10-19 16:00","2015","10","19","16:00","12.8","","2.9","","51","","0.0","","22","","11","","","","101.16","","","","","","NA"
"-79.91","43.29","HAMILTON RBG CS","6153301","2015-10-19 17:00","2015","10","19","17:00","14.1","","2.6","","46","","0.0","","21","","15","","","","101.01","","","","","","NA"
"-79.91","43.29","HAMILTON RBG CS","6153301","2015-10-19 18:00","2015","10","19","18:00","14.5","","2.6","","45","","0.0","","23","","13","","","","100.81","","","","","","NA"
"-79.91","43.29","HAMILTON RBG CS","6153301","2015-10-19 19:00","2015","10","19","19:00","16.2","","1.6","","37","","0.0","","24","","14","","","","100.68","","","","","","NA"
"-79.91","43.29","HAMILTON RBG CS","6153301","2015-10-19 20:00","2015","10","19","20:00","15.4","","0.9","","37","","0.0","","24","","17","","","","100.56","","","","","","NA"
"-79.91","43.29","HAMILTON RBG CS","6153301","2015-10-19 21:00","2015","10","19","21:00","15.3","","0.9","","37","","0.0","","24","","15","","","","100.51","","","","","","NA"
"-79.91","43.29","HAMILTON RBG CS","6153301","2015-10-19 22:00","2015","10","19","22:00","14.7","","0.5","","38","","0.0","","24","","11","","","","100.44","","","","","","NA"
"-79.91","43.29","HAMILTON RBG CS","6153301","2015-10-19 23:00","2015","10","19","23:00","15.0","","1.1","","39","","0.0","","24","","13","","","","100.38","","","","","","NA"
"-79.91","43.29","HAMILTON RBG CS","6153301","2015-10-20 00:00","2015","10","20","00:00","15.0","","2.0","","42","","0.0","","24","","14","","","","100.30","","","","","","NA"
"-79.91","43.29","HAMILTON RBG CS","6153301","2015-10-20 01:00","2015","10","20","01:00","15.0","","1.9","","41","","0.0","","25","","13","","","","100.27","","","","","","NA"
"-79.91","43.29","HAMILTON RBG CS","6153301","2015-10-20 02:00","2015","10","20","02:00","15.1","","2.2","","42","","0.0","","25","","12","","","","100.28","","","","","","NA"
"-79.91","43.29","HAMILTON RBG CS","6153301","2015-10-20 03:00","2015","10","20","03:00","15.5","","2.4","","41","","0.0","","24","","11","","","","100.36","","","","","","NA"
"-79.91","43.29","HAMILTON RBG CS","6153301","2015-10-20 04:00","2015","10","20","04:00","15.4","","3.7","","46","","0.0","","25","","11","","","","100.38","","","","","","NA"
"-79.91","43.29","HAMILTON RBG CS","6153301","2015-10-20 05:00","2015","10","20","05:00","15.2","","4.4","","48","","0.0","","25","","9","","","","100.38","","","","","","NA"
"-79.91","43.29","HAMILTON RBG CS","6153301","2015-10-20 06:00","2015","10","20","06:00","15.8","","3.8","","45","","0.0","","25","","11","","","","100.38","","","","","","NA"
"-79.91","43.29","HAMILTON RBG CS","6153301","2015-10-20 07:00","2015","10","20","07:00","15.8","","2.7","","41","","0.0","","25","","14","","","","100.38","","","","","","NA"
"-79.91","43.29","HAMILTON RBG CS","6153301","2015-10-20 08:00","2015","10","20","08:00","15.7","","2.0","","39","","0.0","","24","","11","","","","100.39","","","","","","NA"
"-79.91","43.29","HAMILTON RBG CS","6153301","2015-10-20 09:00","2015","10","20","09:00","15.4","","1.9","","40","","0.0","","24","","9","","","","100.40","","","","","","NA"
"-79.91","43.29","HAMILTON RBG CS","6153301","2015-10-20 10:00","2015","10","20","10:00","15.3","","2.3","","42","","0.0","","24","","11","","","","100.45","","","","","","NA"
"-79.91","43.29","HAMILTON RBG CS","6153301","2015-10-20 11:00","2015","10","20","11:00","15.0","","2.1","","42","","0.0","","24","","10","","","","100.50","","","","","","NA"
"-79.91","43.29","HAMILTON RBG CS","6153301","2015-10-20 12:00","2015","10","20","12:00","14.7","","2.4","","44","","0.0","","24","","9","","","","100.51","","","","","","NA"
"-79.91","43.29","HAMILTON RBG CS","6153301","2015-10-20 13:00","2015","10","20","13:00","14.5","","3.0","","46","","0.0","","25","","6","","","","100.60","","","","","","NA"
"-79.91","43.29","HAMILTON RBG CS","6153301","2015-10-20 14:00","2015","10","20","14:00","15.3","","4.2","","47","","0.0","","24","","6","","","","100.59","","","","","","NA"
"-79.91","43.29","HAMILTON RBG CS","6153301","2015-10-20 15:00","2015","10","20","15:00","18.7","","3.9","","37","","0.0","","24","","8","","","","100.62","","","","","","NA"
"-79.91","43.29","HAMILTON RBG CS","6153301","2015-10-20 16:00","2015","10","20","16:00","18.0","","3.6","","38","","0.0","","26","","11","","","","100.63","","","","","","NA"
"-79.91","43.29","HAMILTON RBG CS","6153301","2015-10-20 17:00","2015","10","20","17:00","18.7","","4.3","","39","","0.0","","25","","10","","","","100.62","","","","","","NA"
"-79.91","43.29","HAMILTON RBG CS","6153301","2015-10-20 18:00","2015","10","20","18:00","18.2","","5.4","","43","","0.0","","24","","8","","","","100.59","","","","","","NA"
"-79.91","43.29","HAMILTON RBG CS","6153301","2015-10-20 19:00","2015","10","20","19:00","17.5","","7.9","","53","","0.0","","30","","7","","","","100.56","","","","","","NA"
"-79.91","43.29","HAMILTON RBG CS","6153301","2015-10-20 20:00","2015","10","20","20:00","15.4","","9.8","","69","","0.0","","31","","5","","","","100.58","","","","","","NA"
"-79.91","43.29","HAMILTON RBG CS","6153301","2015-10-20 21:00","2015","10","20","21:00","13.9","","10.7","","81","","0.5","","24","","5","","","","100.67","","","","","","NA"
"-79.91","43.29","HAMILTON RBG CS","6153301","2015-10-20 22:00","2015","10","20","22:00","13.3","","11.0","","86","","0.5","","","","0","","","","100.73","","","","","","NA"
"-79.91","43.29","HAMILTON RBG CS","6153301","2015-10-20 23:00","2015","10","20","23:00","12.8","","11.2","","90","","0.0","","","","0","","","","100.79","","","","","","NA"
"-79.91","43.29","HAMILTON RBG CS","6153301","2015-10-21 00:00","2015","10","21","00:00","12.6","","11.4","","92","","0.2","","","","0","","","","100.84","","","","","","NA"
"-79.91","43.29","HAMILTON RBG CS","6153301","2015-10-21 01:00","2015","10","21","01:00","12.4","","11.3","","93","","0.0","","","","0","","","","100.85","","","","","","NA"
"-79.91","43.29","HAMILTON RBG CS","6153301","2015-10-21 02:00","2015","10","21","02:00","12.2","","11.2","","94","","0.2","","","","0","","","","100.87","","","","","","NA"
"-79.91","43.29","HAMILTON RBG CS","6153301","2015-10-21 03:00","2015","10","21","03:00","12.1","","11.1","","94","","0.2","","","","0","","","","100.87","","","","","","NA"
"-79.91","43.29","HAMILTON RBG CS","6153301","2015-10-21 04:00","2015","10","21","04:00","11.9","","11.0","","94","","0.0","","","","0","","","","100.94","","","","","","NA"
"-79.91","43.29","HAMILTON RBG CS","6153301","2015-10-21 05:00","2015","10","21","05:00","11.6","","10.8","","95","","0.0","","","","0","","","","100.94","","","","","","NA"
"-79.91","43.29","HAMILTON RBG CS","6153301","2015-10-21 06:00","2015","10","21","06:00","11.6","","10.8","","95","","0.0","","","","0","","","","100.99","","","","","","NA"
"-79.91","43.29","HAMILTON RBG CS","6153301","2015-10-21 07:00","2015","10","21","07:00","11.7","","10.9","","95","","0.0","","","","0","","","","100.97","","","","","","NA"
"-79.91","43.29","HAMILTON RBG CS","6153301","2015-10-21 08:00","2015","10","21","08:00","11.7","","10.9","","95","","0.0","","","","0","","","","100.99","","","","","","NA"
"-79.91","43.29","HAMILTON RBG CS","6153301","2015-10-21 09:00","2015","10","21","09:00","11.7","","10.9","","95","","0.0","","","","0","","","","100.99","","","","","","NA"
"-79.91","43.29","HAMILTON RBG CS","6153301","2015-10-21 10:00","2015","10","21","10:00","11.4","","10.6","","95","","0.0","","","","0","","","","101.05","","","","","","NA"
"-79.91","43.29","HAMILTON RBG CS","6153301","2015-10-21 11:00","2015","10","21","11:00","11.4","","10.6","","95","","0.0","","","","0","","","","101.09","","","","","","NA"
"-79.91","43.29","HAMILTON RBG CS","6153301","2015-10-21 12:00","2015","10","21","12:00","11.4","","10.6","","95","","0.2","","","","0","","","","101.12","","","","","","NA"
"-79.91","43.29","HAMILTON RBG CS","6153301","2015-10-21 13:00","2015","10","21","13:00","11.8","","11.1","","95","","0.2","","","","0","","","","101.21","","","","","","NA"
"-79.91","43.29","HAMILTON RBG CS","6153301","2015-10-21 14:00","2015","10","21","14:00","12.2","","11.0","","93","","0.0","","8","","4","","","","101.22","","","","","","NA"
"-79.91","43.29","HAMILTON RBG CS","6153301","2015-10-21 15:00","2015","10","21","15:00","11.8","","10.0","","89","","0.0","","15","","5","","","","101.23","","","","","","NA"
"-79.91","43.29","HAMILTON RBG CS","6153301","2015-10-21 16:00","2015","10","21","16:00","12.3","","9.9","","86","","0.0","","10","","3","","","","101.17","","","","","","NA"
"-79.91","43.29","HAMILTON RBG CS","6153301","2015-10-21 17:00","2015","10","21","17:00","13.1","","10.4","","84","","0.0","","8","","5","","","","101.09","","","","","","NA"
"-79.91","43.29","HAMILTON RBG CS","6153301","2015-10-21 18:00","2015","10","21","18:00","13.6","","10.0","","79","","0.0","","9","","6","","","","101.02","","","","","","NA"
"-79.91","43.29","HAMILTON RBG CS","6153301","2015-10-21 19:00","2015","10","21","19:00","12.3","","8.9","","80","","0.0","","13","","7","","","","100.98","","","","","","NA"
"-79.91","43.29","HAMILTON RBG CS","6153301","2015-10-21 20:00","2015","10","21","20:00","12.1","","8.7","","80","","0.0","","14","","6","","","","100.95","","","","","","NA"
"-79.91","43.29","HAMILTON RBG CS","6153301","2015-10-21 21:00","2015","10","21","21:00","12.5","","9.1","","80","","0.0","","9","","4","","","","100.94","","","","","","NA"
"-79.91","43.29","HAMILTON RBG CS","6153301","2015-10-21 22:00","2015","10","21","22:00","11.9","","9.6","","86","","0.0","","14","","3","","","","100.87","","","","","","NA"
"-79.91","43.29","HAMILTON RBG CS","6153301","2015-10-21 23:00","2015","10","21","23:00","11.6","","9.0","","84","","0.0","","9","","3","","","","100.80","","","","","","NA"
"-79.91","43.29","HAMILTON RBG CS","6153301","2015-10-22 00:00","2015","10","22","00:00","11.5","","9.2","","86","","0.0","","","","0","","","","100.76","","","","","","NA"
"-79.91","43.29","HAMILTON RBG CS","6153301","2015-10-22 01:00","2015","10","22","01:00","11.1","","9.2","","88","","0.0","","","","0","","","","100.66","","","","","","NA"
"-79.91","43.29","HAMILTON RBG CS","6153301","2015-10-22 02:00","2015","10","22","02:00","10.9","","9.3","","90","","0.0","","","","0","","","","100.54","","","","","","NA"
"-79.91","43.29","HAMILTON RBG CS","6153301","2015-10-22 03:00","2015","10","22","03:00","11.1","","9.8","","92","","0.0","","","","0","","","","100.49","","","","","","NA"
"-79.91","43.29","HAMILTON RBG CS","6153301","2015-10-22 04:00","2015","10","22","04:00","13.8","","10.3","","80","","0.4","","27","","6","","","","100.44","","","","","","NA"
"-79.91","43.29","HAMILTON RBG CS","6153301","2015-10-22 05:00","2015","10","22","05:00","14.3","","9.1","","71","","0.0","","25","","4","","","","100.32","","","","","","NA"
"-79.91","43.29","HAMILTON RBG CS","6153301","2015-10-22 06:00","2015","10","22","06:00","17.9","","9.0","","56","","0.0","","24","","8","","","","100.28","","","","","","NA"
"-79.91","43.29","HAMILTON RBG CS","6153301","2015-10-22 07:00","2015","10","22","07:00","18.2","","9.6","","57","","0.0","","25","","8","","","","100.27","","","","","","NA"
"-79.91","43.29","HAMILTON RBG CS","6153301","2015-10-22 08:00","2015","10","22","08:00","17.7","","9.8","","60","","0.0","","24","","10","","","","100.22","","","","","","NA"
"-79.91","43.29","HAMILTON RBG CS","6153301","2015-10-22 09:00","2015","10","22","09:00","17.2","","9.6","","61","","0.0","","25","","7","","","","100.27","","","","","","NA"
"-79.91","43.29","HAMILTON RBG CS","6153301","2015-10-22 10:00","2015","10","22","10:00","16.6","","9.7","","64","","0.0","","25","","7","","","","100.31","","","","","","NA"
"-79.91","43.29","HAMILTON RBG CS","6153301","2015-10-22 11:00","2015","10","22","11:00","16.1","","9.8","","66","","0.0","","25","","5","","","","100.38","","","","","","NA"
"-79.91","43.29","HAMILTON RBG CS","6153301","2015-10-22 12:00","2015","10","22","12:00","16.2","","10.1","","67","","0.0","","26","","7","","","","100.49","","","","","","NA"
"-79.91","43.29","HAMILTON RBG CS","6153301","2015-10-22 13:00","2015","10","22","13:00","14.8","","9.8","","72","","0.0","","32","","7","","","","100.64","","","","","","NA"
"-79.91","43.29","HAMILTON RBG CS","6153301","2015-10-22 14:00","2015","10","22","14:00","13.9","","8.5","","70","","0.0","","29","","10","","","","100.75","","","","","","NA"
"-79.91","43.29","HAMILTON RBG CS","6153301","2015-10-22 15:00","2015","10","22","15:00","15.6","","7.5","","58","","0.0","","30","","10","","","","100.75","","","","","","NA"
"-79.91","43.29","HAMILTON RBG CS","6153301","2015-10-22 16:00","2015","10","22","16:00","16.0","","7.7","","58","","0.0","","30","","13","","","","100.76","","","","","","NA"
"-79.91","43.29","HAMILTON RBG CS","6153301","2015-10-22 17:00","2015","10","22","17:00"
"-79.91","43.29","HAMILTON RBG CS","6153301","2015-10-22 18:00","2015","10","22","18:00"
"-79.91","43.29","HAMILTON RBG CS","6153301","2015-10-22 19:00","2015","10","22","19:00"
"-79.91","43.29","HAMILTON RBG CS","6153301","2015-10-22 20:00","2015","10","22","20:00","16.4","","4.7","","46","","0.0","","28","","10","","","","100.80","","","","","","NA"
"-79.91","43.29","HAMILTON RBG CS","6153301","2015-10-22 21:00","2015","10","22","21:00","15.8","","3.6","","44","","0.2","","30","","16","","","","100.85","","","","","","NA"
"-79.91","43.29","HAMILTON RBG CS","6153301","2015-10-22 22:00","2015","10","22","22:00","14.4","","3.8","","49","","0.0","","31","","11","","","","100.95","","","","","","NA"
"-79.91","43.29","HAMILTON RBG CS","6153301","2015-10-22 23:00","2015","10","22","23:00","12.7","","3.1","","52","","0.0","","31","","9","","","","101.06","","","","","","NA"
"-79.91","43.29","HAMILTON RBG CS","6153301","2015-10-23 00:00","2015","10","23","00:00","10.0","","3.0","","62","","0.0","","","","0","","","","101.13","","","","","","NA"
"-79.91","43.29","HAMILTON RBG CS","6153301","2015-10-23 01:00","2015","10","23","01:00","7.6","","3.1","","73","","0.0","","","","0","","","","101.17","","","","","","NA"
"-79.91","43.29","HAMILTON RBG CS","6153301","2015-10-23 02:00","2015","10","23","02:00","7.9","","3.4","","73","","0.0","","","","0","","","","101.26","","","","","","NA"
"-79.91","43.29","HAMILTON RBG CS","6153301","2015-10-23 03:00","2015","10","23","03:00","6.3","","2.7","","78","","0.0","","28","","3","","","","101.29","","","","","","NA"
"-79.91","43.29","HAMILTON RBG CS","6153301","2015-10-23 04:00","2015","10","23","04:00","5.8","","2.7","","81","","0.0","","29","","3","","","","101.31","","","","","","NA"
"-79.91","43.29","HAMILTON RBG CS","6153301","2015-10-23 05:00","2015","10","23","05:00","5.8","","3.0","","82","","0.0","","31","","4","","","","101.34","","","","","","NA"
"-79.91","43.29","HAMILTON RBG CS","6153301","2015-10-23 06:00","2015","10","23","06:00","6.1","","3.0","","81","","0.0","","34","","4","","","","101.39","","","","","","NA"
"-79.91","43.29","HAMILTON RBG CS","6153301","2015-10-23 07:00","2015","10","23","07:00","5.6","","1.1","","73","","0.0","","3","","7","","","","101.45","","","","","","NA"
"-79.91","43.29","HAMILTON RBG CS","6153301","2015-10-23 08:00","2015","10","23","08:00","4.5","","-0.6","","69","","0.0","","1","","6","","","","101.51","","","","","","NA"
"-79.91","43.29","HAMILTON RBG CS","6153301","2015-10-23 09:00","2015","10","23","09:00","3.2","","-1.3","","73","","0.0","","1","","4","","","","101.54","","","","","","NA"
"-79.91","43.29","HAMILTON RBG CS","6153301","2015-10-23 10:00","2015","10","23","10:00","2.2","","-1.6","","76","","0.0","","35","","4","","","","101.56","","","","","","NA"
"-79.91","43.29","HAMILTON RBG CS","6153301","2015-10-23 11:00","2015","10","23","11:00","1.9","","-2.1","","75","","0.0","","36","","3","","","","101.58","","","","","","NA"
"-79.91","43.29","HAMILTON RBG CS","6153301","2015-10-23 12:00","2015","10","23","12:00","1.8","","-2.2","","75","","0.0","","36","","4","","","","101.60","","","","","","NA"
"-79.91","43.29","HAMILTON RBG CS","6153301","2015-10-23 13:00","2015","10","23","13:00","4.4","","-1.7","","64","","0.0","","2","","5","","","","101.64","","","","","","NA"
"-79.91","43.29","HAMILTON RBG CS","6153301","2015-10-23 14:00","2015","10","23","14:00","6.7","","-1.3","","57","","0.0","","2","","4","","","","101.71","","","","","","NA"
"-79.91","43.29","HAMILTON RBG CS","6153301","2015-10-23 15:00","2015","10","23","15:00","7.4","","-1.8","","52","","0.0","","11","","7","","","","101.67","","","","","","NA"
"-79.91","43.29","HAMILTON RBG CS","6153301","2015-10-23 16:00","2015","10","23","16:00","7.3","","-0.8","","57","","0.0","","14","","10","","","","101.63","","","","","","NA"
"-79.91","43.29","HAMILTON RBG CS","6153301","2015-10-23 17:00","2015","10","23","17:00","7.7","","0.6","","60","","0.0","","11","","10","","","","101.60","","","","","","NA"
"-79.91","43.29","HAMILTON RBG CS","6153301","2015-10-23 18:00","2015","10","23","18:00","8.0","","0.6","","59","","0.0","","10","","9","","","","101.57","","","","","","NA"
"-79.91","43.29","HAMILTON RBG CS","6153301","2015-10-23 19:00","2015","10","23","19:00","7.8","","0.1","","58","","0.0","","13","","10","","","","101.53","","","","","","NA"
"-79.91","43.29","HAMILTON RBG CS","6153301","2015-10-23 20:00","2015","10","23","20:00","7.9","","1.7","","65","","0.0","","10","","8","","","","101.50","","","","","","NA"
"-79.91","43.29","HAMILTON RBG CS","6153301","2015-10-23 21:00","2015","10","23","21:00","7.9","","2.1","","67","","0.0","","9","","7","","","","101.42","","","","","","NA"
"-79.91","43.29","HAMILTON RBG CS","6153301","2015-10-23 22:00","2015","10","23","22:00","7.1","","1.9","","70","","0.0","","8","","6","","","","101.39","","","","","","NA"
"-79.91","43.29","HAMILTON RBG CS","6153301","2015-10-23 23:00","2015","10","23","23:00","5.8","","1.2","","72","","0.0","","4","","6","","","","101.33","","","","","","NA"
"-79.91","43.29","HAMILTON RBG CS","6153301","2015-10-24 00:00","2015","10","24","00:00","6.3","","3.3","","81","","0.0","","5","","7","","","","101.27","","","","","","NA"
"-79.91","43.29","HAMILTON RBG CS","6153301","2015-10-24 01:00","2015","10","24","01:00","9.1","","4.6","","74","","0.0","","9","","9","","","","101.29","","","","","","NA"
"-79.91","43.29","HAMILTON RBG CS","6153301","2015-10-24 02:00","2015","10","24","02:00","8.9","","3.7","","70","","0.0","","10","","7","","","","101.27","","","","","","NA"
"-79.91","43.29","HAMILTON RBG CS","6153301","2015-10-24 03:00","2015","10","24","03:00","8.5","","3.6","","71","","0.0","","8","","10","","","","101.23","","","","","","NA"
"-79.91","43.29","HAMILTON RBG CS","6153301","2015-10-24 04:00","2015","10","24","04:00","8.2","","3.6","","73","","0.0","","8","","9","","","","101.15","","","","","","NA"
"-79.91","43.29","HAMILTON RBG CS","6153301","2015-10-24 05:00","2015","10","24","05:00","8.0","","3.8","","74","","0.0","","8","","8","","","","101.04","","","","","","NA"
"-79.91","43.29","HAMILTON RBG CS","6153301","2015-10-24 06:00","2015","10","24","06:00","8.0","","3.1","","71","","0.0","","6","","6","","","","100.95","","","","","","NA"
"-79.91","43.29","HAMILTON RBG CS","6153301","2015-10-24 07:00","2015","10","24","07:00","7.8","","2.7","","70","","0.0","","7","","7","","","","100.86","","","","","","NA"
"-79.91","43.29","HAMILTON RBG CS","6153301","2015-10-24 08:00","2015","10","24","08:00","7.6","","2.9","","72","","0.0","","5","","6","","","","100.80","","","","","","NA"
"-79.91","43.29","HAMILTON RBG CS","6153301","2015-10-24 09:00","2015","10","24","09:00","7.6","","3.3","","74","","0.0","","","","0","","","","100.77","","","","","","NA"
"-79.91","43.29","HAMILTON RBG CS","6153301","2015-10-24 10:00","2015","10","24","10:00","7.6","","3.7","","77","","0.0","","4","","5","","","","100.68","","","","","","NA"
"-79.91","43.29","HAMILTON RBG CS","6153301","2015-10-24 11:00","2015","10","24","11:00","8.0","","4.0","","76","","0.0","","5","","4","","","","100.64","","","","","","NA"
"-79.91","43.29","HAMILTON RBG CS","6153301","2015-10-24 12:00","2015","10","24","12:00","8.2","","4.2","","76","","0.0","","5","","4","","","","100.58","","","","","","NA"
"-79.91","43.29","HAMILTON RBG CS","6153301","2015-10-24 13:00","2015","10","24","13:00","8.8","","4.7","","76","","0.0","","","","0","","","","100.53","","","","","","NA"
"-79.91","43.29","HAMILTON RBG CS","6153301","2015-10-24 14:00","2015","10","24","14:00","9.1","","6.6","","84","","0.0","","","","0","","","","100.49","","","","","","NA"
"-79.91","43.29","HAMILTON RBG CS","6153301","2015-10-24 15:00","2015","10","24","15:00","9.7","","6.5","","80","","0.0","","","","0","","","","100.45","","","","","","NA"
"-79.91","43.29","HAMILTON RBG CS","6153301","2015-10-24 16:00","2015","10","24","16:00","10.5","","7.1","","80","","0.0","","5","","3","","","","100.36","","","","","","NA"
"-79.91","43.29","HAMILTON RBG CS","6153301","2015-10-24 17:00","2015","10","24","17:00","10.8","","7.9","","82","","0.0","","","","0","","","","100.30","","","","","","NA"
"-79.91","43.29","HAMILTON RBG CS","6153301","2015-10-24 18:00","2015","10","24","18:00","10.1","","8.6","","91","","1.9","","6","","7","","","","100.15","","","","","","NA"
"-79.91","43.29","HAMILTON RBG CS","6153301","2015-10-24 19:00","2015","10","24","19:00","10.9","","9.4","","91","","0.0","","4","","3","","","","100.05","","","","","","NA"
"-79.91","43.29","HAMILTON RBG CS","6153301","2015-10-24 20:00","2015","10","24","20:00","12.0","","10.8","","93","","0.0","","","","0","","","","99.97","","","","","","NA"
"-79.91","43.29","HAMILTON RBG CS","6153301","2015-10-24 21:00","2015","10","24","21:00","13.0","","11.7","","92","","0.0","","5","","3","","","","99.85","","","","","","NA"
"-79.91","43.29","HAMILTON RBG CS","6153301","2015-10-24 22:00","2015","10","24","22:00","13.3","","12.0","","92","","0.0","","4","","3","","","","99.72","","","","","","NA"
"-79.91","43.29","HAMILTON RBG CS","6153301","2015-10-24 23:00","2015","10","24","23:00","16.1","","14.0","","87","","0.0","","23","","7","","","","99.68","","","","","","NA"
"-79.91","43.29","HAMILTON RBG CS","6153301","2015-10-25 00:00","2015","10","25","00:00","17.4","","14.2","","81","","0.0","","22","","11","","","","99.56","","","","","","NA"
"-79.91","43.29","HAMILTON RBG CS","6153301","2015-10-25 01:00","2015","10","25","01:00","17.8","","14.6","","82","","0.0","","21","","9","","","","99.49","","","","","","NA"
"-79.91","43.29","HAMILTON RBG CS","6153301","2015-10-25 02:00","2015","10","25","02:00","17.0","","15.5","","91","","5.0","","21","","12","","","","99.46","","","","","","NA"
"-79.91","43.29","HAMILTON RBG CS","6153301","2015-10-25 03:00","2015","10","25","03:00","16.9","","15.0","","88","","5.4","","27","","12","","","","99.56","","","","","","NA"
"-79.91","43.29","HAMILTON RBG CS","6153301","2015-10-25 04:00","2015","10","25","04:00","15.9","","14.2","","90","","1.0","","23","","6","","","","99.57","","","","","","NA"
"-79.91","43.29","HAMILTON RBG CS","6153301","2015-10-25 05:00","2015","10","25","05:00","15.6","","13.7","","89","","0.0","","25","","6","","","","99.61","","","","","","NA"
"-79.91","43.29","HAMILTON RBG CS","6153301","2015-10-25 06:00","2015","10","25","06:00","13.6","","9.7","","77","","0.0","","31","","18","","","","99.82","","","","","","NA"
"-79.91","43.29","HAMILTON RBG CS","6153301","2015-10-25 07:00","2015","10","25","07:00","12.3","","8.3","","77","","0.0","","29","","14","","","","100.01","","","","","","NA"
"-79.91","43.29","HAMILTON RBG CS","6153301","2015-10-25 08:00","2015","10","25","08:00","11.9","","7.8","","76","","0.0","","30","","13","","","","100.13","","","","","","NA"
"-79.91","43.29","HAMILTON RBG CS","6153301","2015-10-25 09:00","2015","10","25","09:00","11.0","","6.4","","73","","0.0","","28","","15","","","","100.23","","","","","","NA"
"-79.91","43.29","HAMILTON RBG CS","6153301","2015-10-25 10:00","2015","10","25","10:00","10.1","","6.1","","76","","0.0","","27","","9","","","","100.36","","","","","","NA"
"-79.91","43.29","HAMILTON RBG CS","6153301","2015-10-25 11:00","2015","10","25","11:00","10.1","","6.3","","77","","0.0","","27","","10","","","","100.49","","","","","","NA"
"-79.91","43.29","HAMILTON RBG CS","6153301","2015-10-25 12:00","2015","10","25","12:00","9.9","","4.1","","67","","0.0","","30","","10","","","","100.63","","","","","","NA"
"-79.91","43.29","HAMILTON RBG CS","6153301","2015-10-25 13:00","2015","10","25","13:00","9.9","","3.7","","65","","0.0","","30","","10","","","","100.79","","","","","","NA"
"-79.91","43.29","HAMILTON RBG CS","6153301","2015-10-25 14:00","2015","10","25","14:00","10.7","","3.7","","62","","0.0","","30","","10","","","","100.89","","","","","","NA"
"-79.91","43.29","HAMILTON RBG CS","6153301","2015-10-25 15:00","2015","10","25","15:00","11.1","","2.8","","56","","0.0","","30","","13","","","","100.98","","","","","","NA"
"-79.91","43.29","HAMILTON RBG CS","6153301","2015-10-25 16:00","2015","10","25","16:00","11.9","","3.6","","57","","0.0","","30","","14","","","","101.04","","","","","","NA"
"-79.91","43.29","HAMILTON RBG CS","6153301","2015-10-25 17:00","2015","10","25","17:00","13.6","","4.0","","52","","0.0","","32","","11","","","","101.05","","","","","","NA"
"-79.91","43.29","HAMILTON RBG CS","6153301","2015-10-25 18:00","2015","10","25","18:00","14.1","","3.2","","48","","0.0","","29","","14","","","","101.03","","","","","","NA"
"-79.91","43.29","HAMILTON RBG CS","6153301","2015-10-25 19:00","2015","10","25","19:00","14.4","","2.9","","46","","0.0","","32","","12","","","","101.05","","","","","","NA"
"-79.91","43.29","HAMILTON RBG CS","6153301","2015-10-25 20:00","2015","10","25","20:00","13.9","","2.1","","45","","0.0","","30","","14","","","","101.10","","","","","","NA"
"-79.91","43.29","HAMILTON RBG CS","6153301","2015-10-25 21:00","2015","10","25","21:00","13.8","","2.6","","46","","0.0","","29","","11","","","","101.16","","","","","","NA"
"-79.91","43.29","HAMILTON RBG CS","6153301","2015-10-25 22:00","2015","10","25","22:00","11.7","","1.8","","51","","0.0","","31","","9","","","","101.25","","","","","","NA"
"-79.91","43.29","HAMILTON RBG CS","6153301","2015-10-25 23:00","2015","10","25","23:00","10.1","","2.4","","59","","0.0","","30","","7","","","","101.38","","","","","","NA"
"-79.91","43.29","HAMILTON RBG CS","6153301","2015-10-26 00:00","2015","10","26","00:00","8.3","","2.5","","67","","0.0","","30","","5","","","","101.47","","","","","","NA"
"-79.91","43.29","HAMILTON RBG CS","6153301","2015-10-26 01:00","2015","10","26","01:00","5.7","","2.1","","78","","0.0","","","","0","","","","101.54","","","","","","NA"
"-79.91","43.29","HAMILTON RBG CS","6153301","2015-10-26 02:00","2015","10","26","02:00","4.6","","2.5","","86","","0.0","","","","0","","","","101.58","","","","","","NA"
"-79.91","43.29","HAMILTON RBG CS","6153301","2015-10-26 03:00","2015","10","26","03:00","3.3","","1.7","","89","","0.0","","","","0","","","","101.58","","","","","","NA"
"-79.91","43.29","HAMILTON RBG CS","6153301","2015-10-26 04:00","2015","10","26","04:00","3.0","","1.4","","89","","0.0","","","","0","","","","101.58","","","","","","NA"
"-79.91","43.29","HAMILTON RBG CS","6153301","2015-10-26 05:00","2015","10","26","05:00","2.9","","2.0","","94","","0.0","","","","0","","","","101.61","","","","","","NA"
"-79.91","43.29","HAMILTON RBG CS","6153301","2015-10-26 06:00","2015","10","26","06:00","2.1","","1.3","","94","","0.0","","","","0","","","","101.70","","","","","","NA"
"-79.91","43.29","HAMILTON RBG CS","6153301","2015-10-26 07:00","2015","10","26","07:00","2.8","","2.1","","95","","0.0","","","","0","","","","101.75","","","","","","NA"
"-79.91","43.29","HAMILTON RBG CS","6153301","2015-10-26 08:00","2015","10","26","08:00","3.9","","3.0","","94","","0.0","","","","0","","","","101.78","","","","","","NA"
"-79.91","43.29","HAMILTON RBG CS","6153301","2015-10-26 09:00","2015","10","26","09:00","3.7","","2.6","","93","","0.0","","","","0","","","","101.78","","","","","","NA"
"-79.91","43.29","HAMILTON RBG CS","6153301","2015-10-26 10:00","2015","10","26","10:00","3.3","","2.2","","93","","0.0","","","","0","","","","101.84","","","","","","NA"
"-79.91","43.29","HAMILTON RBG CS","6153301","2015-10-26 11:00","2015","10","26","11:00","1.7","","0.9","","95","","0.0","","","","0","","","","101.88","","","","","","NA"
"-79.91","43.29","HAMILTON RBG CS","6153301","2015-10-26 12:00","2015","10","26","12:00","1.0","","0.4","","96","","0.0","","","","0","","","","101.90","","","","","","NA"
"-79.91","43.29","HAMILTON RBG CS","6153301","2015-10-26 13:00","2015","10","26","13:00","4.2","","3.5","","95","","0.0","","","","0","","","","101.97","","","","","","NA"
"-79.91","43.29","HAMILTON RBG CS","6153301","2015-10-26 14:00","2015","10","26","14:00","8.4","","3.6","","72","","0.0","","","","0","","","","102.01","","","","","","NA"
"-79.91","43.29","HAMILTON RBG CS","6153301","2015-10-26 15:00","2015","10","26","15:00","9.4","","2.7","","63","","0.0","","16","","4","","","","102.02","","","","","","NA"
"-79.91","43.29","HAMILTON RBG CS","6153301","2015-10-26 16:00","2015","10","26","16:00","10.5","","2.6","","58","","0.0","","7","","5","","","","102.00","","","","","","NA"
"-79.91","43.29","HAMILTON RBG CS","6153301","2015-10-26 17:00","2015","10","26","17:00","10.8","","1.8","","54","","0.0","","8","","7","","","","101.96","","","","","","NA"
"-79.91","43.29","HAMILTON RBG CS","6153301","2015-10-26 18:00","2015","10","26","18:00","11.0","","2.1","","54","","0.0","","14","","9","","","","101.91","","","","","","NA"
"-79.91","43.29","HAMILTON RBG CS","6153301","2015-10-26 19:00","2015","10","26","19:00","10.6","","2.3","","56","","0.0","","8","","9","","","","101.87","","","","","","NA"
"-79.91","43.29","HAMILTON RBG CS","6153301","2015-10-26 20:00","2015","10","26","20:00","9.9","","2.0","","58","","0.0","","7","","10","","","","101.86","","","","","","NA"
"-79.91","43.29","HAMILTON RBG CS","6153301","2015-10-26 21:00","2015","10","26","21:00","9.9","","1.9","","57","","0.0","","8","","9","","","","101.85","","","","","","NA"
"-79.91","43.29","HAMILTON RBG CS","6153301","2015-10-26 22:00","2015","10","26","22:00","9.1","","2.1","","61","","0.0","","8","","7","","","","101.85","","","","","","NA"
"-79.91","43.29","HAMILTON RBG CS","6153301","2015-10-26 23:00","2015","10","26","23:00","8.6","","2.5","","65","","0.0","","8","","5","","","","101.88","","","","","","NA"
"-79.91","43.29","HAMILTON RBG CS","6153301","2015-10-27 00:00","2015","10","27","00:00","6.4","","2.0","","74","","0.0","","3","","4","","","","101.91","","","","","","NA"
"-79.91","43.29","HAMILTON RBG CS","6153301","2015-10-27 01:00","2015","10","27","01:00","4.2","","1.9","","85","","0.0","","","","0","","","","101.90","","","","","","NA"
"-79.91","43.29","HAMILTON RBG CS","6153301","2015-10-27 02:00","2015","10","27","02:00","3.4","","1.9","","89","","0.0","","","","0","","","","101.95","","","","","","NA"
"-79.91","43.29","HAMILTON RBG CS","6153301","2015-10-27 03:00","2015","10","27","03:00","3.3","","2.1","","92","","0.0","","","","0","","","","101.93","","","","","","NA"
"-79.91","43.29","HAMILTON RBG CS","6153301","2015-10-27 04:00","2015","10","27","04:00","2.9","","1.9","","93","","0.0","","","","0","","","","101.95","","","","","","NA"
"-79.91","43.29","HAMILTON RBG CS","6153301","2015-10-27 05:00","2015","10","27","05:00","2.9","","2.0","","94","","0.0","","","","0","","","","101.90","","","","","","NA"
"-79.91","43.29","HAMILTON RBG CS","6153301","2015-10-27 06:00","2015","10","27","06:00","2.8","","1.9","","94","","0.0","","","","0","","","","101.91","","","","","","NA"
"-79.91","43.29","HAMILTON RBG CS","6153301","2015-10-27 07:00","2015","10","27","07:00","2.5","","1.7","","95","","0.0","","","","0","","","","101.87","","","","","","NA"
"-79.91","43.29","HAMILTON RBG CS","6153301","2015-10-27 08:00","2015","10","27","08:00","2.2","","1.5","","95","","0.0","","","","0","","","","101.84","","","","","","NA"
"-79.91","43.29","HAMILTON RBG CS","6153301","2015-10-27 09:00","2015","10","27","09:00","1.9","","1.2","","96","","0.0","","","","0","","","","101.87","","","","","","NA"
"-79.91","43.29","HAMILTON RBG CS","6153301","2015-10-27 10:00","2015","10","27","10:00","1.7","","1.1","","96","","0.0","","","","0","","","","101.89","","","","","","NA"
"-79.91","43.29","HAMILTON RBG CS","6153301","2015-10-27 11:00","2015","10","27","11:00","1.9","","1.3","","96","","0.0","","","","0","","","","101.90","","","","","","NA"
"-79.91","43.29","HAMILTON RBG CS","6153301","2015-10-27 12:00","2015","10","27","12:00","1.9","","1.4","","96","","0.0","","","","0","","","","101.90","","","","","","NA"
"-79.91","43.29","HAMILTON RBG CS","6153301","2015-10-27 13:00","2015","10","27","13:00","3.1","","2.6","","97","","0.0","","","","0","","","","101.95","","","","","","NA"
"-79.91","43.29","HAMILTON RBG CS","6153301","2015-10-27 14:00","2015","10","27","14:00","6.5","","5.1","","91","","0.0","","16","","3","","","","101.99","","","","","","NA"
"-79.91","43.29","HAMILTON RBG CS","6153301","2015-10-27 15:00","2015","10","27","15:00","9.4","","4.8","","73","","0.0","","7","","11","","","","102.00","","","","","","NA"
"-79.91","43.29","HAMILTON RBG CS","6153301","2015-10-27 16:00","2015","10","27","16:00","10.3","","5.1","","70","","0.0","","7","","8","","","","101.96","","","","","","NA"
"-79.91","43.29","HAMILTON RBG CS","6153301","2015-10-27 17:00","2015","10","27","17:00","10.5","","3.8","","63","","0.0","","9","","10","","","","101.88","","","","","","NA"
"-79.91","43.29","HAMILTON RBG CS","6153301","2015-10-27 18:00","2015","10","27","18:00","10.4","","2.9","","60","","0.0","","7","","16","","","","101.78","","","","","","NA"
"-79.91","43.29","HAMILTON RBG CS","6153301","2015-10-27 19:00","2015","10","27","19:00","10.3","","4.2","","66","","0.0","","7","","14","","","","101.72","","","","","","NA"
"-79.91","43.29","HAMILTON RBG CS","6153301","2015-10-27 20:00","2015","10","27","20:00","9.9","","4.5","","69","","0.0","","7","","16","","","","101.63","","","","","","NA"
"-79.91","43.29","HAMILTON RBG CS","6153301","2015-10-27 21:00","2015","10","27","21:00","9.4","","4.1","","69","","0.0","","6","","16","","","","101.55","","","","","","NA"
"-79.91","43.29","HAMILTON RBG CS","6153301","2015-10-27 22:00","2015","10","27","22:00","9.1","","4.0","","70","","0.0","","6","","15","","","","101.49","","","","","","NA"
"-79.91","43.29","HAMILTON RBG CS","6153301","2015-10-27 23:00","2015","10","27","23:00","8.8","","4.4","","74","","0.0","","6","","12","","","","101.46","","","","","","NA"
"-79.91","43.29","HAMILTON RBG CS","6153301","2015-10-28 00:00","2015","10","28","00:00","9.0","","5.0","","76","","0.0","","6","","9","","","","101.44","","","","","","NA"
"-79.91","43.29","HAMILTON RBG CS","6153301","2015-10-28 01:00","2015","10","28","01:00","10.3","","6.1","","76","","0.0","","8","","13","","","","101.40","","","","","","NA"
"-79.91","43.29","HAMILTON RBG CS","6153301","2015-10-28 02:00","2015","10","28","02:00","9.9","","5.7","","75","","0.0","","9","","12","","","","101.34","","","","","","NA"
"-79.91","43.29","HAMILTON RBG CS","6153301","2015-10-28 03:00","2015","10","28","03:00","9.3","","5.4","","77","","0.0","","8","","11","","","","101.26","","","","","","NA"
"-79.91","43.29","HAMILTON RBG CS","6153301","2015-10-28 04:00","2015","10","28","04:00","9.1","","5.4","","78","","0.0","","7","","10","","","","101.17","","","","","","NA"
"-79.91","43.29","HAMILTON RBG CS","6153301","2015-10-28 05:00","2015","10","28","05:00","9.5","","5.6","","76","","0.0","","7","","9","","","","101.05","","","","","","NA"
"-79.91","43.29","HAMILTON RBG CS","6153301","2015-10-28 06:00","2015","10","28","06:00","9.6","","5.9","","78","","0.0","","9","","9","","","","100.93","","","","","","NA"
"-79.91","43.29","HAMILTON RBG CS","6153301","2015-10-28 07:00","2015","10","28","07:00","9.4","","6.7","","83","","0.0","","8","","9","","","","100.82","","","","","","NA"
"-79.91","43.29","HAMILTON RBG CS","6153301","2015-10-28 08:00","2015","10","28","08:00","9.0","","7.1","","88","","1.0","","8","","9","","","","100.70","","","","","","NA"
"-79.91","43.29","HAMILTON RBG CS","6153301","2015-10-28 09:00","2015","10","28","09:00","9.1","","7.5","","90","","1.2","","8","","13","","","","100.53","","","","","","NA"
"-79.91","43.29","HAMILTON RBG CS","6153301","2015-10-28 10:00","2015","10","28","10:00","9.3","","8.0","","92","","2.2","","9","","10","","","","100.39","","","","","","NA"
"-79.91","43.29","HAMILTON RBG CS","6153301","2015-10-28 11:00","2015","10","28","11:00","9.5","","8.5","","93","","3.0","","9","","9","","","","100.23","","","","","","NA"
"-79.91","43.29","HAMILTON RBG CS","6153301","2015-10-28 12:00","2015","10","28","12:00","9.9","","9.0","","94","","5.7","","8","","12","","","","100.05","","","","","","NA"
"-79.91","43.29","HAMILTON RBG CS","6153301","2015-10-28 13:00","2015","10","28","13:00","10.1","","9.3","","95","","7.8","","7","","16","","","","99.83","","","","","","NA"
"-79.91","43.29","HAMILTON RBG CS","6153301","2015-10-28 14:00","2015","10","28","14:00","10.4","","9.5","","94","","4.2","","6","","17","","","","99.71","","","","","","NA"
"-79.91","43.29","HAMILTON RBG CS","6153301","2015-10-28 15:00","2015","10","28","15:00","10.5","","9.6","","94","","3.8","","7","","14","","","","99.56","","","","","","NA"
"-79.91","43.29","HAMILTON RBG CS","6153301","2015-10-28 16:00","2015","10","28","16:00","10.5","","9.6","","94","","2.8","","8","","12","","","","99.42","","","","","","NA"
"-79.91","43.29","HAMILTON RBG CS","6153301","2015-10-28 17:00","2015","10","28","17:00","10.7","","9.9","","95","","3.8","","9","","13","","","","99.26","","","","","","NA"
"-79.91","43.29","HAMILTON RBG CS","6153301","2015-10-28 18:00","2015","10","28","18:00","11.1","","10.3","","95","","2.8","","8","","11","","","","99.05","","","","","","NA"
"-79.91","43.29","HAMILTON RBG CS","6153301","2015-10-28 19:00","2015","10","28","19:00","11.4","","10.7","","95","","3.2","","8","","9","","","","98.88","","","","","","NA"
"-79.91","43.29","HAMILTON RBG CS","6153301","2015-10-28 20:00","2015","10","28","20:00","12.0","","11.3","","95","","1.6","","7","","6","","","","98.73","","","","","","NA"
"-79.91","43.29","HAMILTON RBG CS","6153301","2015-10-28 21:00","2015","10","28","21:00","12.9","","12.2","","96","","0.6","","4","","6","","","","98.65","","","","","","NA"
"-79.91","43.29","HAMILTON RBG CS","6153301","2015-10-28 22:00","2015","10","28","22:00","13.4","","12.7","","95","","1.1","","","","0","","","","98.55","","","","","","NA"
"-79.91","43.29","HAMILTON RBG CS","6153301","2015-10-28 23:00","2015","10","28","23:00","14.1","","13.4","","96","","0.2","","35","","4","","","","98.49","","","","","","NA"
"-79.91","43.29","HAMILTON RBG CS","6153301","2015-10-29 00:00","2015","10","29","00:00","14.8","","14.0","","96","","0.0","","","","0","","","","98.43","","","","","","NA"
"-79.91","43.29","HAMILTON RBG CS","6153301","2015-10-29 01:00","2015","10","29","01:00","16.6","","15.8","","95","","0.3","","24","","5","","","","98.36","","","","","","NA"
"-79.91","43.29","HAMILTON RBG CS","6153301","2015-10-29 02:00","2015","10","29","02:00","16.2","","15.0","","93","","0.2","","","","0","","","","98.37","","","","","","NA"
"-79.91","43.29","HAMILTON RBG CS","6153301","2015-10-29 03:00","2015","10","29","03:00","15.7","","14.5","","93","","0.0","","","","0","","","","98.33","","","","","","NA"
"-79.91","43.29","HAMILTON RBG CS","6153301","2015-10-29 04:00","2015","10","29","04:00","15.8","","14.5","","92","","0.0","","24","","9","","","","98.29","","","","","","NA"
"-79.91","43.29","HAMILTON RBG CS","6153301","2015-10-29 05:00","2015","10","29","05:00","14.9","","12.6","","86","","0.3","","25","","9","","","","98.29","","","","","","NA"
"-79.91","43.29","HAMILTON RBG CS","6153301","2015-10-29 06:00","2015","10","29","06:00","14.0","","10.1","","77","","0.0","","25","","13","","","","98.36","","","","","","NA"
"-79.91","43.29","HAMILTON RBG CS","6153301","2015-10-29 07:00","2015","10","29","07:00","13.2","","9.0","","76","","0.0","","24","","7","","","","98.35","","","","","","NA"
"-79.91","43.29","HAMILTON RBG CS","6153301","2015-10-29 08:00","2015","10","29","08:00","12.4","","9.0","","80","","0.0","","23","","6","","","","98.33","","","","","","NA"
"-79.91","43.29","HAMILTON RBG CS","6153301","2015-10-29 09:00","2015","10","29","09:00","12.2","","9.4","","83","","0.0","","23","","3","","","","98.28","","","","","","NA"
"-79.91","43.29","HAMILTON RBG CS","6153301","2015-10-29 10:00","2015","10","29","10:00","11.5","","9.8","","89","","0.8","","24","","7","","","","98.29","","","","","","NA"
"-79.91","43.29","HAMILTON RBG CS","6153301","2015-10-29 11:00","2015","10","29","11:00","10.6","","5.1","","69","","0.0","","24","","18","","","","98.31","","","","","","NA"
"-79.91","43.29","HAMILTON RBG CS","6153301","2015-10-29 12:00","2015","10","29","12:00","7.2","","-1.2","","55","","0.0","","24","","15","","","","98.50","","","","","","NA"
"-79.91","43.29","HAMILTON RBG CS","6153301","2015-10-29 13:00","2015","10","29","13:00","6.8","","-2.0","","53","","0.0","","25","","18","","","","98.65","","","","","","NA"
"-79.91","43.29","HAMILTON RBG CS","6153301","2015-10-29 14:00","2015","10","29","14:00","7.9","","-3.3","","45","","0.0","","24","","18","","","","98.71","","","","","","NA"
"-79.91","43.29","HAMILTON RBG CS","6153301","2015-10-29 15:00","2015","10","29","15:00","9.0","","-4.0","","40","","0.0","","25","","18","","","","98.71","","","","","","NA"
"-79.91","43.29","HAMILTON RBG CS","6153301","2015-10-29 16:00","2015","10","29","16:00","9.2","","-4.9","","37","","0.0","","25","","25","","","","98.73","","","","","","NA"
"-79.91","43.29","HAMILTON RBG CS","6153301","2015-10-29 17:00","2015","10","29","17:00","9.6","","-2.3","","43","","0.0","","24","","19","","","","98.75","","","","","","NA"
"-79.91","43.29","HAMILTON RBG CS","6153301","2015-10-29 18:00","2015","10","29","18:00","8.5","","-1.3","","50","","0.0","","25","","14","","","","98.79","","","","","","NA"
"-79.91","43.29","HAMILTON RBG CS","6153301","2015-10-29 19:00","2015","10","29","19:00","9.4","","-0.2","","51","","0.0","","26","","18","","","","98.82","","","","","","NA"
"-79.91","43.29","HAMILTON RBG CS","6153301","2015-10-29 20:00","2015","10","29","20:00","8.2","","-1.0","","52","","0.0","","25","","20","","","","98.89","","","","","","NA"
"-79.91","43.29","HAMILTON RBG CS","6153301","2015-10-29 21:00","2015","10","29","21:00","7.9","","-0.1","","57","","0.0","","25","","13","","","","98.98","","","","","","NA"
"-79.91","43.29","HAMILTON RBG CS","6153301","2015-10-29 22:00","2015","10","29","22:00","8.0","","0.7","","60","","0.0","","25","","16","","","","99.05","","","","","","NA"
"-79.91","43.29","HAMILTON RBG CS","6153301","2015-10-29 23:00","2015","10","29","23:00","7.9","","1.4","","63","","0.0","","25","","13","","","","99.13","","","","","","NA"
"-79.91","43.29","HAMILTON RBG CS","6153301","2015-10-30 00:00","2015","10","30","00:00","7.6","","2.0","","68","","0.0","","25","","14","","","","99.20","","","","","","NA"
"-79.91","43.29","HAMILTON RBG CS","6153301","2015-10-30 01:00","2015","10","30","01:00","7.3","","2.5","","71","","0.0","","25","","16","","","","99.25","","","","","","NA"
"-79.91","43.29","HAMILTON RBG CS","6153301","2015-10-30 02:00","2015","10","30","02:00","7.6","","2.9","","72","","0.0","","25","","12","","","","99.31","","","","","","NA"
"-79.91","43.29","HAMILTON RBG CS","6153301","2015-10-30 03:00","2015","10","30","03:00","8.2","","3.1","","71","","0.0","","25","","11","","","","99.38","","","","","","NA"
"-79.91","43.29","HAMILTON RBG CS","6153301","2015-10-30 04:00","2015","10","30","04:00","8.4","","3.7","","72","","0.0","","24","","12","","","","99.43","","","","","","NA"
"-79.91","43.29","HAMILTON RBG CS","6153301","2015-10-30 05:00","2015","10","30","05:00","8.4","","4.3","","75","","0.0","","26","","18","","","","99.45","","","","","","NA"
"-79.91","43.29","HAMILTON RBG CS","6153301","2015-10-30 06:00","2015","10","30","06:00","7.8","","4.9","","82","","0.0","","26","","11","","","","99.59","","","","","","NA"
"-79.91","43.29","HAMILTON RBG CS","6153301","2015-10-30 07:00","2015","10","30","07:00","8.0","","3.3","","72","","0.0","","29","","11","","","","99.72","","","","","","NA"
"-79.91","43.29","HAMILTON RBG CS","6153301","2015-10-30 08:00","2015","10","30","08:00","6.5","","2.4","","75","","0.0","","28","","5","","","","99.83","","","","","","NA"
"-79.91","43.29","HAMILTON RBG CS","6153301","2015-10-30 09:00","2015","10","30","09:00","5.1","","2.2","","81","","0.0","","","","0","","","","99.96","","","","","","NA"
"-79.91","43.29","HAMILTON RBG CS","6153301","2015-10-30 10:00","2015","10","30","10:00","3.3","","1.4","","88","","0.0","","","","0","","","","100.10","","","","","","NA"
"-79.91","43.29","HAMILTON RBG CS","6153301","2015-10-30 11:00","2015","10","30","11:00","1.5","","0.6","","94","","0.0","","","","0","","","","100.21","","","","","","NA"
"-79.91","43.29","HAMILTON RBG CS","6153301","2015-10-30 12:00","2015","10","30","12:00","2.8","","2.1","","95","","0.0","","27","","5","","","","100.32","","","","","","NA"
"-79.91","43.29","HAMILTON RBG CS","6153301","2015-10-30 13:00","2015","10","30","13:00","4.8","","2.7","","86","","0.0","","27","","4","","","","100.43","","","","","","NA"
"-79.91","43.29","HAMILTON RBG CS","6153301","2015-10-30 14:00","2015","10","30","14:00","7.5","","1.2","","64","","0.0","","30","","7","","","","100.52","","","","","","NA"
"-79.91","43.29","HAMILTON RBG CS","6153301","2015-10-30 15:00","2015","10","30","15:00","8.9","","-0.1","","53","","0.0","","36","","7","","","","100.58","","","","","","NA"
"-79.91","43.29","HAMILTON RBG CS","6153301","2015-10-30 16:00","2015","10","30","16:00","9.6","","-0.8","","48","","0.0","","30","","12","","","","100.62","","","","","","NA"
"-79.91","43.29","HAMILTON RBG CS","6153301","2015-10-30 17:00","2015","10","30","17:00","10.8","","0.9","","50","","0.0","","31","","7","","","","100.61","","","","","","NA"
"-79.91","43.29","HAMILTON RBG CS","6153301","2015-10-30 18:00","2015","10","30","18:00","9.7","","-0.6","","49","","0.0","","30","","9","","","","100.58","","","","","","NA"
"-79.91","43.29","HAMILTON RBG CS","6153301","2015-10-30 19:00","2015","10","30","19:00","10.8","","0.0","","47","","0.0","","32","","9","","","","100.59","","","","","","NA"
"-79.91","43.29","HAMILTON RBG CS","6153301","2015-10-30 20:00","2015","10","30","20:00","10.8","","-0.1","","47","","0.0","","31","","9","","","","100.61","","","","","","NA"
"-79.91","43.29","HAMILTON RBG CS","6153301","2015-10-30 21:00","2015","10","30","21:00","10.3","","-0.8","","46","","0.0","","31","","11","","","","100.65","","","","","","NA"
"-79.91","43.29","HAMILTON RBG CS","6153301","2015-10-30 22:00","2015","10","30","22:00","8.9","","-0.3","","53","","0.0","","31","","5","","","","100.67","","","","","","NA"
"-79.91","43.29","HAMILTON RBG CS","6153301","2015-10-30 23:00","2015","10","30","23:00","6.9","","0.0","","61","","0.0","","31","","4","","","","100.74","","","","","","NA"
"-79.91","43.29","HAMILTON RBG CS","6153301","2015-10-31 00:00","2015","10","31","00:00","4.2","","0.0","","74","","0.0","","","","0","","","","100.73","","","","","","NA"
"-79.91","43.29","HAMILTON RBG CS","6153301","2015-10-31 01:00","2015","10","31","01:00","3.3","","0.2","","80","","0.0","","","","0","","","","100.76","","","","","","NA"
"-79.91","43.29","HAMILTON RBG CS","6153301","2015-10-31 02:00","2015","10","31","02:00","1.7","","-0.4","","86","","0.0","","27","","3","","","","100.74","","","","","","NA"
"-79.91","43.29","HAMILTON RBG CS","6153301","2015-10-31 03:00","2015","10","31","03:00","0.6","","-0.9","","90","","0.0","","30","","3","","","","100.80","","","","","","NA"
"-79.91","43.29","HAMILTON RBG CS","6153301","2015-10-31 04:00","2015","10","31","04:00","-0.1","","-1.1","","93","","0.0","","","","0","","","","100.74","","","","","","NA"
"-79.91","43.29","HAMILTON RBG CS","6153301","2015-10-31 05:00","2015","10","31","05:00","-0.7","","-1.5","","94","","0.0","","","","0","","","","100.77","","","","","","NA"
"-79.91","43.29","HAMILTON RBG CS","6153301","2015-10-31 06:00","2015","10","31","06:00","-1.2","","-1.8","","96","","0.0","","","","0","","","","100.82","","","","","","NA"
"-79.91","43.29","HAMILTON RBG CS","6153301","2015-10-31 07:00","2015","10","31","07:00","-1.5","","-2.0","","96","","0.0","","","","0","","","","100.83","","","","","","NA"
"-79.91","43.29","HAMILTON RBG CS","6153301","2015-10-31 08:00","2015","10","31","08:00","-1.4","","-1.9","","96","","0.0","","","","0","","","","100.80","","","","","","NA"
"-79.91","43.29","HAMILTON RBG CS","6153301","2015-10-31 09:00","2015","10","31","09:00","-1.5","","-2.0","","96","","0.0","","","","0","","","","100.81","","","","","","NA"
"-79.91","43.29","HAMILTON RBG CS","6153301","2015-10-31 10:00","2015","10","31","10:00","-0.4","","-0.8","","97","","0.0","","","","0","","","","100.79","","","","","","NA"
"-79.91","43.29","HAMILTON RBG CS","6153301","2015-10-31 11:00","2015","10","31","11:00","1.0","","0.5","","97","","0.0","","","","0","","","","100.79","","","","","","NA"
"-79.91","43.29","HAMILTON RBG CS","6153301","2015-10-31 12:00","2015","10","31","12:00","1.4","","0.9","","96","","0.0","","","","0","","","","100.81","","","","","","NA"
"-79.91","43.29","HAMILTON RBG CS","6153301","2015-10-31 13:00","2015","10","31","13:00","3.1","","2.5","","96","","0.0","","","","0","","","","100.82","","","","","","NA"
"-79.91","43.29","HAMILTON RBG CS","6153301","2015-10-31 14:00","2015","10","31","14:00","5.0","","3.8","","92","","0.0","","","","0","","","","100.78","","","","","","NA"
"-79.91","43.29","HAMILTON RBG CS","6153301","2015-10-31 15:00","2015","10","31","15:00","6.9","","2.8","","75","","0.0","","","","0","","","","100.64","","","","","","NA"
"-79.91","43.29","HAMILTON RBG CS","6153301","2015-10-31 16:00","2015","10","31","16:00","9.2","","3.5","","68","","0.0","","12","","3","","","","100.66","","","","","","NA"
"-79.91","43.29","HAMILTON RBG CS","6153301","2015-10-31 17:00","2015","10","31","17:00","9.5","","4.3","","70","","0.0","","","","0","","","","100.56","","","","","","NA"
"-79.91","43.29","HAMILTON RBG CS","6153301","2015-10-31 18:00","2015","10","31","18:00","10.9","","4.8","","66","","0.0","","20","","5","","","","100.47","","","","","","NA"
"-79.91","43.29","HAMILTON RBG CS","6153301","2015-10-31 19:00","2015","10","31","19:00","11.1","","4.1","","62","","0.0","","20","","7","","","","100.35","","","","","","NA"
"-79.91","43.29","HAMILTON RBG CS","6153301","2015-10-31 20:00","2015","10","31","20:00","11.2","","3.2","","58","","0.0","","19","","6","","","","100.32","","","","","","NA"
"-79.91","43.29","HAMILTON RBG CS","6153301","2015-10-31 21:00","2015","10","31","21:00","11.1","","3.5","","59","","0.0","","15","","5","","","","100.24","","","","","","NA"
"-79.91","43.29","HAMILTON RBG CS","6153301","2015-10-31 22:00","2015","10","31","22:00","10.8","","2.9","","58","","0.0","","15","","6","","","","100.18","","","","","","NA"
"-79.91","43.29","HAMILTON RBG CS","6153301","2015-10-31 23:00","2015","10","31","23:00","10.3","","3.2","","62","","0.0","","16","","4","","","","100.17","","","","","","NA"
