"Longitude (x)","Latitude (y)","Station Name","Climate ID","Date/Time (UTC)","Year","Month","Day","Time (UTC)","Temp (°C)","Temp Flag","Dew Point Temp (°C)","Dew Point Temp Flag","Rel Hum (%)","Rel Hum Flag","Precip. Amount (mm)","Precip. Amount Flag","Wind Dir (10s deg)","Wind Dir Flag","Wind Spd (km/h)","Wind Spd Flag","Visibility (km)","Visibility Flag","Stn Press (kPa)","Stn Press Flag","Hmdx","Hmdx Flag","Wind Chill","Wind Chill Flag","Weather"
"-79.91","43.29","HAMILTON RBG CS","6153301","2020-03-01 00:00","2020","03","01","00:00","","M","","M","65","","","M","27","","12","","","","100.55","","","","","","NA"
"-79.91","43.29","HAMILTON RBG CS","6153301","2020-03-01 01:00","2020","03","01","01:00","","M","","M","66","","","M","25","","7","","","","100.60","","","","","","NA"
"-79.91","43.29","HAMILTON RBG CS","6153301","2020-03-01 02:00","2020","03","01","02:00","","M","","M","70","","","M","25","","5","","","","100.63","","","","","","NA"
"-79.91","43.29","HAMILTON RBG CS","6153301","2020-03-01 03:00","2020","03","01","03:00","","M","","M","73","","","M","25","","4","","","","100.63","","","","","","NA"
"-79.91","43.29","HAMILTON RBG CS","6153301","2020-03-01 04:00","2020","03","01","04:00","","M","","M","73","","","M","26","","4","","","","100.62","","","","","","NA"
"-79.91","43.29","HAMILTON RBG CS","6153301","2020-03-01 05:00","2020","03","01","05:00","","M","","M","69","","","M","27","","6","","","","100.64","","","","","","NA"
"-79.91","43.29","HAMILTON RBG CS","6153301","2020-03-01 06:00","2020","03","01","06:00","","M","","M","72","","","M","27","","5","","","","100.65","","","","","","NA"
"-79.91","43.29","HAMILTON RBG CS","6153301","2020-03-01 07:00","2020","03","01","07:00","","M","","M","73","","","M","30","","6","","","","100.68","","","","","","NA"
"-79.91","43.29","HAMILTON RBG CS","6153301","2020-03-01 08:00","2020","03","01","08:00","","M","","M","76","","","M","30","","5","","","","100.69","","","","","","NA"
"-79.91","43.29","HAMILTON RBG CS","6153301","2020-03-01 09:00","2020","03","01","09:00","","M","","M","79","","","M","29","","3","","","","100.73","","","","","","NA"
"-79.91","43.29","HAMILTON RBG CS","6153301","2020-03-01 10:00","2020","03","01","10:00","","M","","M","81","","","M","27","","6","","","","100.79","","","","","","NA"
"-79.91","43.29","HAMILTON RBG CS","6153301","2020-03-01 11:00","2020","03","01","11:00","","M","","M","83","","","M","27","","7","","","","100.82","","","","","","NA"
"-79.91","43.29","HAMILTON RBG CS","6153301","2020-03-01 12:00","2020","03","01","12:00","","M","","M","84","","","M","28","","5","","","","100.81","","","","","","NA"
"-79.91","43.29","HAMILTON RBG CS","6153301","2020-03-01 13:00","2020","03","01","13:00","","M","","M","77","","","M","27","","5","","","","100.84","","","","","","NA"
"-79.91","43.29","HAMILTON RBG CS","6153301","2020-03-01 14:00","2020","03","01","14:00","","M","","M","67","","","M","26","","6","","","","100.83","","","","","","NA"
"-79.91","43.29","HAMILTON RBG CS","6153301","2020-03-01 15:00","2020","03","01","15:00","","M","","M","58","","","M","26","","6","","","","100.79","","","","","","NA"
"-79.91","43.29","HAMILTON RBG CS","6153301","2020-03-01 16:00","2020","03","01","16:00","","M","","M","51","","","M","21","","6","","","","100.76","","","","","","NA"
"-79.91","43.29","HAMILTON RBG CS","6153301","2020-03-01 17:00","2020","03","01","17:00","","M","","M","49","","","M","19","","7","","","","100.72","","","","","","NA"
"-79.91","43.29","HAMILTON RBG CS","6153301","2020-03-01 18:00","2020","03","01","18:00","","M","","M","46","","","M","21","","7","","","","100.60","","","","","","NA"
"-79.91","43.29","HAMILTON RBG CS","6153301","2020-03-01 19:00","2020","03","01","19:00","","M","","M","60","","","M","19","","11","","","","100.53","","","","","","NA"
"-79.91","43.29","HAMILTON RBG CS","6153301","2020-03-01 20:00","2020","03","01","20:00","","M","","M","59","","","M","22","","8","","","","100.48","","","","","","NA"
"-79.91","43.29","HAMILTON RBG CS","6153301","2020-03-01 21:00","2020","03","01","21:00","","M","","M","54","","","M","19","","8","","","","100.41","","","","","","NA"
"-79.91","43.29","HAMILTON RBG CS","6153301","2020-03-01 22:00","2020","03","01","22:00","","M","","M","47","","","M","21","","5","","","","100.35","","","","","","NA"
"-79.91","43.29","HAMILTON RBG CS","6153301","2020-03-01 23:00","2020","03","01","23:00","","M","","M","50","","","M","","","0","","","","100.30","","","","","","NA"
"-79.91","43.29","HAMILTON RBG CS","6153301","2020-03-02 00:00","2020","03","02","00:00","","M","","M","56","","","M","13","","4","","","","100.15","","","","","","NA"
"-79.91","43.29","HAMILTON RBG CS","6153301","2020-03-02 01:00","2020","03","02","01:00","","M","","M","59","","","M","6","","4","","","","100.04","","","","","","NA"
"-79.91","43.29","HAMILTON RBG CS","6153301","2020-03-02 02:00","2020","03","02","02:00","","M","","M","67","","","M","","","0","","","","99.91","","","","","","NA"
"-79.91","43.29","HAMILTON RBG CS","6153301","2020-03-02 03:00","2020","03","02","03:00","","M","","M","68","","","M","","","0","","","","99.85","","","","","","NA"
"-79.91","43.29","HAMILTON RBG CS","6153301","2020-03-02 04:00","2020","03","02","04:00","","M","","M","75","","","M","","","0","","","","99.77","","","","","","NA"
"-79.91","43.29","HAMILTON RBG CS","6153301","2020-03-02 05:00","2020","03","02","05:00","","M","","M","64","","","M","25","","3","","","","99.67","","","","","","NA"
"-79.91","43.29","HAMILTON RBG CS","6153301","2020-03-02 06:00","2020","03","02","06:00","","M","","M","56","","","M","27","","6","","","","99.55","","","","","","NA"
"-79.91","43.29","HAMILTON RBG CS","6153301","2020-03-02 07:00","2020","03","02","07:00","","M","","M","53","","","M","27","","4","","","","99.46","","","","","","NA"
"-79.91","43.29","HAMILTON RBG CS","6153301","2020-03-02 08:00","2020","03","02","08:00","","M","","M","54","","","M","29","","3","","","","99.40","","","","","","NA"
"-79.91","43.29","HAMILTON RBG CS","6153301","2020-03-02 09:00","2020","03","02","09:00","","M","","M","58","","","M","26","","4","","","","99.36","","","","","","NA"
"-79.91","43.29","HAMILTON RBG CS","6153301","2020-03-02 10:00","2020","03","02","10:00","","M","","M","70","","","M","","","0","","","","99.33","","","","","","NA"
"-79.91","43.29","HAMILTON RBG CS","6153301","2020-03-02 11:00","2020","03","02","11:00","","M","","M","69","","","M","26","","7","","","","99.31","","","","","","NA"
"-79.91","43.29","HAMILTON RBG CS","6153301","2020-03-02 12:00","2020","03","02","12:00","","M","","M","68","","","M","24","","8","","","","99.24","","","","","","NA"
"-79.91","43.29","HAMILTON RBG CS","6153301","2020-03-02 13:00","2020","03","02","13:00","","M","","M","73","","","M","24","","9","","","","99.23","","","","","","NA"
"-79.91","43.29","HAMILTON RBG CS","6153301","2020-03-02 14:00","2020","03","02","14:00","","M","","M","92","","","M","25","","11","","","","99.24","","","","","","NA"
"-79.91","43.29","HAMILTON RBG CS","6153301","2020-03-02 15:00","2020","03","02","15:00","","M","","M","95","","","M","24","","8","","","","99.24","","","","","","NA"
"-79.91","43.29","HAMILTON RBG CS","6153301","2020-03-02 16:00","2020","03","02","16:00","","M","","M","96","","","M","24","","9","","","","99.18","","","","","","NA"
"-79.91","43.29","HAMILTON RBG CS","6153301","2020-03-02 17:00","2020","03","02","17:00","","M","","M","96","","","M","24","","9","","","","99.15","","","","","","NA"
"-79.91","43.29","HAMILTON RBG CS","6153301","2020-03-02 18:00","2020","03","02","18:00","","M","","M","94","","","M","25","","12","","","","99.07","","","","","","NA"
"-79.91","43.29","HAMILTON RBG CS","6153301","2020-03-02 19:00","2020","03","02","19:00","","M","","M","96","","","M","25","","11","","","","99.04","","","","","","NA"
"-79.91","43.29","HAMILTON RBG CS","6153301","2020-03-02 20:00","2020","03","02","20:00","","M","","M","96","","","M","25","","9","","","","99.04","","","","","","NA"
"-79.91","43.29","HAMILTON RBG CS","6153301","2020-03-02 21:00","2020","03","02","21:00","","M","","M","95","","","M","25","","7","","","","99.07","","","","","","NA"
"-79.91","43.29","HAMILTON RBG CS","6153301","2020-03-02 22:00","2020","03","02","22:00","","M","","M","95","","","M","24","","7","","","","99.09","","","","","","NA"
"-79.91","43.29","HAMILTON RBG CS","6153301","2020-03-02 23:00","2020","03","02","23:00","","M","","M","97","","","M","26","","5","","","","99.14","","","","","","NA"
"-79.91","43.29","HAMILTON RBG CS","6153301","2020-03-03 00:00","2020","03","03","00:00","","M","","M","99","","","M","28","","4","","","","99.23","","","","","","NA"
"-79.91","43.29","HAMILTON RBG CS","6153301","2020-03-03 01:00","2020","03","03","01:00","","M","","M","99","","","M","","","0","","","","99.25","","","","","","NA"
"-79.91","43.29","HAMILTON RBG CS","6153301","2020-03-03 02:00","2020","03","03","02:00","","M","","M","99","","","M","30","","4","","","","99.31","","","","","","NA"
"-79.91","43.29","HAMILTON RBG CS","6153301","2020-03-03 03:00","2020","03","03","03:00","","M","","M","98","","","M","29","","4","","","","99.33","","","","","","NA"
"-79.91","43.29","HAMILTON RBG CS","6153301","2020-03-03 04:00","2020","03","03","04:00","","M","","M","97","","","M","","","0","","","","99.29","","","","","","NA"
"-79.91","43.29","HAMILTON RBG CS","6153301","2020-03-03 05:00","2020","03","03","05:00","","M","","M","99","","","M","","","0","","","","99.27","","","","","","NA"
"-79.91","43.29","HAMILTON RBG CS","6153301","2020-03-03 06:00","2020","03","03","06:00","","M","","M","100","","","M","","","0","","","","99.29","","","","","","NA"
"-79.91","43.29","HAMILTON RBG CS","6153301","2020-03-03 07:00","2020","03","03","07:00","","M","","M","100","","","M","","","0","","","","99.30","","","","","","NA"
"-79.91","43.29","HAMILTON RBG CS","6153301","2020-03-03 08:00","2020","03","03","08:00","","M","","M","100","","","M","11","","3","","","","99.22","","","","","","NA"
"-79.91","43.29","HAMILTON RBG CS","6153301","2020-03-03 09:00","2020","03","03","09:00","","M","","M","100","","","M","","","0","","","","99.15","","","","","","NA"
"-79.91","43.29","HAMILTON RBG CS","6153301","2020-03-03 10:00","2020","03","03","10:00","","M","","M","100","","","M","","","0","","","","99.15","","","","","","NA"
"-79.91","43.29","HAMILTON RBG CS","6153301","2020-03-03 11:00","2020","03","03","11:00","","M","","M","99","","","M","5","","5","","","","99.12","","","","","","NA"
"-79.91","43.29","HAMILTON RBG CS","6153301","2020-03-03 12:00","2020","03","03","12:00","","M","","M","100","","","M","","","0","","","","99.07","","","","","","NA"
"-79.91","43.29","HAMILTON RBG CS","6153301","2020-03-03 13:00","2020","03","03","13:00","","M","","M","100","","","M","5","","3","","","","98.99","","","","","","NA"
"-79.91","43.29","HAMILTON RBG CS","6153301","2020-03-03 14:00","2020","03","03","14:00","","M","","M","100","","","M","","","0","","","","98.96","","","","","","NA"
"-79.91","43.29","HAMILTON RBG CS","6153301","2020-03-03 15:00","2020","03","03","15:00","","M","","M","100","","","M","4","","3","","","","98.89","","","","","","NA"
"-79.91","43.29","HAMILTON RBG CS","6153301","2020-03-03 16:00","2020","03","03","16:00","","M","","M","100","","","M","6","","5","","","","98.76","","","","","","NA"
"-79.91","43.29","HAMILTON RBG CS","6153301","2020-03-03 17:00","2020","03","03","17:00","","M","","M","100","","","M","11","","3","","","","98.63","","","","","","NA"
"-79.91","43.29","HAMILTON RBG CS","6153301","2020-03-03 18:00","2020","03","03","18:00","","M","","M","100","","","M","13","","4","","","","98.46","","","","","","NA"
"-79.91","43.29","HAMILTON RBG CS","6153301","2020-03-03 19:00","2020","03","03","19:00","","M","","M","100","","","M","33","","5","","","","98.35","","","","","","NA"
"-79.91","43.29","HAMILTON RBG CS","6153301","2020-03-03 20:00","2020","03","03","20:00","","M","","M","100","","","M","","","0","","","","98.36","","","","","","NA"
"-79.91","43.29","HAMILTON RBG CS","6153301","2020-03-03 21:00","2020","03","03","21:00","","M","","M","100","","","M","","","0","","","","98.33","","","","","","NA"
"-79.91","43.29","HAMILTON RBG CS","6153301","2020-03-03 22:00","2020","03","03","22:00","","M","","M","100","","","M","26","","6","","","","98.43","","","","","","NA"
"-79.91","43.29","HAMILTON RBG CS","6153301","2020-03-03 23:00","2020","03","03","23:00","","M","","M","97","","","M","","","0","","","","98.52","","","","","","NA"
"-79.91","43.29","HAMILTON RBG CS","6153301","2020-03-04 00:00","2020","03","04","00:00","","M","","M","98","","","M","25","","5","","","","98.65","","","","","","NA"
"-79.91","43.29","HAMILTON RBG CS","6153301","2020-03-04 01:00","2020","03","04","01:00","","M","","M","97","","","M","26","","4","","","","98.68","","","","","","NA"
"-79.91","43.29","HAMILTON RBG CS","6153301","2020-03-04 02:00","2020","03","04","02:00","","M","","M","93","","","M","26","","10","","","","98.72","","","","","","NA"
"-79.91","43.29","HAMILTON RBG CS","6153301","2020-03-04 03:00","2020","03","04","03:00","","M","","M","85","","","M","27","","12","","","","98.79","","","","","","NA"
"-79.91","43.29","HAMILTON RBG CS","6153301","2020-03-04 04:00","2020","03","04","04:00","","M","","M","86","","","M","27","","15","","","","98.89","","","","","","NA"
"-79.91","43.29","HAMILTON RBG CS","6153301","2020-03-04 05:00","2020","03","04","05:00","","M","","M","86","","","M","27","","19","","","","98.99","","","","","","NA"
"-79.91","43.29","HAMILTON RBG CS","6153301","2020-03-04 06:00","2020","03","04","06:00","","M","","M","81","","","M","27","","18","","","","99.01","","","","","","NA"
"-79.91","43.29","HAMILTON RBG CS","6153301","2020-03-04 07:00","2020","03","04","07:00","","M","","M","77","","","M","27","","15","","","","99.06","","","","","","NA"
"-79.91","43.29","HAMILTON RBG CS","6153301","2020-03-04 08:00","2020","03","04","08:00","","M","","M","79","","","M","25","","13","","","","99.09","","","","","","NA"
"-79.91","43.29","HAMILTON RBG CS","6153301","2020-03-04 09:00","2020","03","04","09:00","","M","","M","79","","","M","26","","10","","","","99.16","","","","","","NA"
"-79.91","43.29","HAMILTON RBG CS","6153301","2020-03-04 10:00","2020","03","04","10:00","","M","","M","81","","","M","25","","6","","","","99.28","","","","","","NA"
"-79.91","43.29","HAMILTON RBG CS","6153301","2020-03-04 11:00","2020","03","04","11:00","","M","","M","85","","","M","26","","6","","","","99.35","","","","","","NA"
"-79.91","43.29","HAMILTON RBG CS","6153301","2020-03-04 12:00","2020","03","04","12:00","","M","","M","88","","","M","24","","4","","","","99.42","","","","","","NA"
"-79.91","43.29","HAMILTON RBG CS","6153301","2020-03-04 13:00","2020","03","04","13:00","","M","","M","83","","","M","24","","4","","","","99.48","","","","","","NA"
"-79.91","43.29","HAMILTON RBG CS","6153301","2020-03-04 14:00","2020","03","04","14:00","","M","","M","73","","","M","25","","11","","","","99.50","","","","","","NA"
"-79.91","43.29","HAMILTON RBG CS","6153301","2020-03-04 15:00","2020","03","04","15:00","","M","","M","69","","","M","25","","9","","","","99.48","","","","","","NA"
"-79.91","43.29","HAMILTON RBG CS","6153301","2020-03-04 16:00","2020","03","04","16:00","","M","","M","66","","","M","25","","16","","","","99.47","","","","","","NA"
"-79.91","43.29","HAMILTON RBG CS","6153301","2020-03-04 17:00","2020","03","04","17:00","","M","","M","65","","","M","27","","19","","","","99.48","","","","","","NA"
"-79.91","43.29","HAMILTON RBG CS","6153301","2020-03-04 18:00","2020","03","04","18:00","","M","","M","59","","","M","27","","17","","","","99.45","","","","","","NA"
"-79.91","43.29","HAMILTON RBG CS","6153301","2020-03-04 19:00","2020","03","04","19:00","","M","","M","58","","","M","27","","17","","","","99.48","","","","","","NA"
"-79.91","43.29","HAMILTON RBG CS","6153301","2020-03-04 20:00","2020","03","04","20:00","","M","","M","53","","","M","27","","14","","","","99.56","","","","","","NA"
"-79.91","43.29","HAMILTON RBG CS","6153301","2020-03-04 21:00","2020","03","04","21:00","","M","","M","56","","","M","30","","14","","","","99.67","","","","","","NA"
"-79.91","43.29","HAMILTON RBG CS","6153301","2020-03-04 22:00","2020","03","04","22:00","","M","","M","64","","","M","30","","8","","","","99.80","","","","","","NA"
"-79.91","43.29","HAMILTON RBG CS","6153301","2020-03-04 23:00","2020","03","04","23:00","","M","","M","67","","","M","29","","11","","","","99.97","","","","","","NA"
"-79.91","43.29","HAMILTON RBG CS","6153301","2020-03-05 00:00","2020","03","05","00:00","","M","","M","72","","","M","30","","9","","","","100.09","","","","","","NA"
"-79.91","43.29","HAMILTON RBG CS","6153301","2020-03-05 01:00","2020","03","05","01:00","","M","","M","71","","","M","27","","6","","","","100.17","","","","","","NA"
"-79.91","43.29","HAMILTON RBG CS","6153301","2020-03-05 02:00","2020","03","05","02:00","","M","","M","66","","","M","28","","6","","","","100.21","","","","","","NA"
"-79.91","43.29","HAMILTON RBG CS","6153301","2020-03-05 03:00","2020","03","05","03:00","","M","","M","64","","","M","26","","7","","","","100.34","","","","","","NA"
"-79.91","43.29","HAMILTON RBG CS","6153301","2020-03-05 04:00","2020","03","05","04:00","","M","","M","59","","","M","30","","13","","","","100.42","","","","","","NA"
"-79.91","43.29","HAMILTON RBG CS","6153301","2020-03-05 05:00","2020","03","05","05:00","","M","","M","67","","","M","25","","3","","","","100.50","","","","","","NA"
"-79.91","43.29","HAMILTON RBG CS","6153301","2020-03-05 06:00","2020","03","05","06:00","","M","","M","75","","","M","","","0","","","","100.54","","","","","","NA"
"-79.91","43.29","HAMILTON RBG CS","6153301","2020-03-05 07:00","2020","03","05","07:00","","M","","M","79","","","M","27","","3","","","","100.60","","","","","","NA"
"-79.91","43.29","HAMILTON RBG CS","6153301","2020-03-05 08:00","2020","03","05","08:00","","M","","M","83","","","M","27","","3","","","","100.62","","","","","","NA"
"-79.91","43.29","HAMILTON RBG CS","6153301","2020-03-05 09:00","2020","03","05","09:00","","M","","M","80","","","M","27","","4","","","","100.67","","","","","","NA"
"-79.91","43.29","HAMILTON RBG CS","6153301","2020-03-05 10:00","2020","03","05","10:00","","M","","M","85","","","M","","","0","","","","100.74","","","","","","NA"
"-79.91","43.29","HAMILTON RBG CS","6153301","2020-03-05 11:00","2020","03","05","11:00","","M","","M","89","","","M","28","","3","","","","100.78","","","","","","NA"
"-79.91","43.29","HAMILTON RBG CS","6153301","2020-03-05 12:00","2020","03","05","12:00","","M","","M","91","","","M","28","","3","","","","100.82","","","","","","NA"
"-79.91","43.29","HAMILTON RBG CS","6153301","2020-03-05 13:00","2020","03","05","13:00","","M","","M","80","","","M","26","","3","","","","100.82","","","","","","NA"
"-79.91","43.29","HAMILTON RBG CS","6153301","2020-03-05 14:00","2020","03","05","14:00","","M","","M","66","","","M","24","","3","","","","100.80","","","","","","NA"
"-79.91","43.29","HAMILTON RBG CS","6153301","2020-03-05 15:00","2020","03","05","15:00","","M","","M","57","","","M","23","","5","","","","100.80","","","","","","NA"
"-79.91","43.29","HAMILTON RBG CS","6153301","2020-03-05 16:00","2020","03","05","16:00","","M","","M","51","","","M","24","","8","","","","100.75","","","","","","NA"
"-79.91","43.29","HAMILTON RBG CS","6153301","2020-03-05 17:00","2020","03","05","17:00","","M","","M","50","","","M","19","","6","","","","100.71","","","","","","NA"
"-79.91","43.29","HAMILTON RBG CS","6153301","2020-03-05 18:00","2020","03","05","18:00","","M","","M","49","","","M","17","","8","","","","100.66","","","","","","NA"
"-79.91","43.29","HAMILTON RBG CS","6153301","2020-03-05 19:00","2020","03","05","19:00","","M","","M","47","","","M","20","","5","","","","100.57","","","","","","NA"
"-79.91","43.29","HAMILTON RBG CS","6153301","2020-03-05 20:00","2020","03","05","20:00","","M","","M","44","","","M","18","","7","","","","100.51","","","","","","NA"
"-79.91","43.29","HAMILTON RBG CS","6153301","2020-03-05 21:00","2020","03","05","21:00","","M","","M","41","","","M","20","","4","","","","100.49","","","","","","NA"
"-79.91","43.29","HAMILTON RBG CS","6153301","2020-03-05 22:00","2020","03","05","22:00","","M","","M","45","","","M","13","","4","","","","100.44","","","","","","NA"
"-79.91","43.29","HAMILTON RBG CS","6153301","2020-03-05 23:00","2020","03","05","23:00","","M","","M","51","","","M","9","","4","","","","100.34","","","","","","NA"
"-79.91","43.29","HAMILTON RBG CS","6153301","2020-03-06 00:00","2020","03","06","00:00","","M","","M","72","","","M","7","","8","","","","100.30","","","","","","NA"
"-79.91","43.29","HAMILTON RBG CS","6153301","2020-03-06 01:00","2020","03","06","01:00","","M","","M","80","","","M","4","","4","","","","100.34","","","","","","NA"
"-79.91","43.29","HAMILTON RBG CS","6153301","2020-03-06 02:00","2020","03","06","02:00","","M","","M","81","","","M","8","","12","","","","100.28","","","","","","NA"
"-79.91","43.29","HAMILTON RBG CS","6153301","2020-03-06 03:00","2020","03","06","03:00","","M","","M","75","","","M","8","","9","","","","100.16","","","","","","NA"
"-79.91","43.29","HAMILTON RBG CS","6153301","2020-03-06 04:00","2020","03","06","04:00","","M","","M","80","","","M","7","","10","","","","100.12","","","","","","NA"
"-79.91","43.29","HAMILTON RBG CS","6153301","2020-03-06 05:00","2020","03","06","05:00","","M","","M","79","","","M","7","","11","","","","100.02","","","","","","NA"
"-79.91","43.29","HAMILTON RBG CS","6153301","2020-03-06 06:00","2020","03","06","06:00","","M","","M","76","","","M","7","","12","","","","99.95","","","","","","NA"
"-79.91","43.29","HAMILTON RBG CS","6153301","2020-03-06 07:00","2020","03","06","07:00","","M","","M","79","","","M","7","","11","","","","99.87","","","","","","NA"
"-79.91","43.29","HAMILTON RBG CS","6153301","2020-03-06 08:00","2020","03","06","08:00","","M","","M","84","","","M","7","","8","","","","99.80","","","","","","NA"
"-79.91","43.29","HAMILTON RBG CS","6153301","2020-03-06 09:00","2020","03","06","09:00","","M","","M","87","","","M","4","","4","","","","99.72","","","","","","NA"
"-79.91","43.29","HAMILTON RBG CS","6153301","2020-03-06 10:00","2020","03","06","10:00","","M","","M","86","","","M","6","","5","","","","99.72","","","","","","NA"
"-79.91","43.29","HAMILTON RBG CS","6153301","2020-03-06 11:00","2020","03","06","11:00","","M","","M","88","","","M","3","","9","","","","99.73","","","","","","NA"
"-79.91","43.29","HAMILTON RBG CS","6153301","2020-03-06 12:00","2020","03","06","12:00","","M","","M","97","","","M","3","","3","","","","99.77","","","","","","NA"
"-79.91","43.29","HAMILTON RBG CS","6153301","2020-03-06 13:00","2020","03","06","13:00","","M","","M","99","","","M","35","","4","","","","99.87","","","","","","NA"
"-79.91","43.29","HAMILTON RBG CS","6153301","2020-03-06 14:00","2020","03","06","14:00","","M","","M","97","","","M","35","","4","","","","99.97","","","","","","NA"
"-79.91","43.29","HAMILTON RBG CS","6153301","2020-03-06 15:00","2020","03","06","15:00","","M","","M","89","","","M","1","","4","","","","100.02","","","","","","NA"
"-79.91","43.29","HAMILTON RBG CS","6153301","2020-03-06 16:00","2020","03","06","16:00","","M","","M","86","","","M","3","","9","","","","100.11","","","","","","NA"
"-79.91","43.29","HAMILTON RBG CS","6153301","2020-03-06 17:00","2020","03","06","17:00","","M","","M","91","","","M","2","","7","","","","100.22","","","","","","NA"
"-79.91","43.29","HAMILTON RBG CS","6153301","2020-03-06 18:00","2020","03","06","18:00","","M","","M","88","","","M","3","","6","","","","100.26","","","","","","NA"
"-79.91","43.29","HAMILTON RBG CS","6153301","2020-03-06 19:00","2020","03","06","19:00","","M","","M","89","","","M","3","","9","","","","100.31","","","","","","NA"
"-79.91","43.29","HAMILTON RBG CS","6153301","2020-03-06 20:00","2020","03","06","20:00","","M","","M","82","","","M","2","","9","","","","100.40","","","","","","NA"
"-79.91","43.29","HAMILTON RBG CS","6153301","2020-03-06 21:00","2020","03","06","21:00","","M","","M","82","","","M","1","","10","","","","100.51","","","","","","NA"
"-79.91","43.29","HAMILTON RBG CS","6153301","2020-03-06 22:00","2020","03","06","22:00","","M","","M","82","","","M","3","","13","","","","100.65","","","","","","NA"
"-79.91","43.29","HAMILTON RBG CS","6153301","2020-03-06 23:00","2020","03","06","23:00","","M","","M","89","","","M","4","","11","","","","100.82","","","","","","NA"
"-79.91","43.29","HAMILTON RBG CS","6153301","2020-03-07 00:00","2020","03","07","00:00","","M","","M","88","","","M","2","","6","","","","100.96","","","","","","NA"
"-79.91","43.29","HAMILTON RBG CS","6153301","2020-03-07 01:00","2020","03","07","01:00","","M","","M","85","","","M","1","","8","","","","101.07","","","","","","NA"
"-79.91","43.29","HAMILTON RBG CS","6153301","2020-03-07 02:00","2020","03","07","02:00","","M","","M","78","","","M","36","","8","","","","101.19","","","","","","NA"
"-79.91","43.29","HAMILTON RBG CS","6153301","2020-03-07 03:00","2020","03","07","03:00","","M","","M","73","","","M","1","","9","","","","101.28","","","","","","NA"
"-79.91","43.29","HAMILTON RBG CS","6153301","2020-03-07 04:00","2020","03","07","04:00","","M","","M","71","","","M","35","","8","","","","101.37","","","","","","NA"
"-79.91","43.29","HAMILTON RBG CS","6153301","2020-03-07 05:00","2020","03","07","05:00","","M","","M","67","","","M","36","","6","","","","101.44","","","","","","NA"
"-79.91","43.29","HAMILTON RBG CS","6153301","2020-03-07 06:00","2020","03","07","06:00","","M","","M","65","","","M","36","","9","","","","101.51","","","","","","NA"
"-79.91","43.29","HAMILTON RBG CS","6153301","2020-03-07 07:00","2020","03","07","07:00","","M","","M","63","","","M","35","","7","","","","101.57","","","","","","NA"
"-79.91","43.29","HAMILTON RBG CS","6153301","2020-03-07 08:00","2020","03","07","08:00","","M","","M","67","","","M","35","","5","","","","101.60","","","","","","NA"
"-79.91","43.29","HAMILTON RBG CS","6153301","2020-03-07 09:00","2020","03","07","09:00","","M","","M","70","","","M","32","","4","","","","101.67","","","","","","NA"
"-79.91","43.29","HAMILTON RBG CS","6153301","2020-03-07 10:00","2020","03","07","10:00","","M","","M","76","","","M","28","","3","","","","101.77","","","","","","NA"
"-79.91","43.29","HAMILTON RBG CS","6153301","2020-03-07 11:00","2020","03","07","11:00","","M","","M","78","","","M","28","","3","","","","101.84","","","","","","NA"
"-79.91","43.29","HAMILTON RBG CS","6153301","2020-03-07 12:00","2020","03","07","12:00","","M","","M","79","","","M","","","0","","","","101.89","","","","","","NA"
"-79.91","43.29","HAMILTON RBG CS","6153301","2020-03-07 13:00","2020","03","07","13:00","","M","","M","67","","","M","25","","3","","","","101.99","","","","","","NA"
"-79.91","43.29","HAMILTON RBG CS","6153301","2020-03-07 14:00","2020","03","07","14:00","","M","","M","57","","","M","30","","5","","","","102.06","","","","","","NA"
"-79.91","43.29","HAMILTON RBG CS","6153301","2020-03-07 15:00","2020","03","07","15:00","","M","","M","53","","","M","28","","10","","","","102.08","","","","","","NA"
"-79.91","43.29","HAMILTON RBG CS","6153301","2020-03-07 16:00","2020","03","07","16:00","","M","","M","45","","","M","28","","10","","","","102.07","","","","","","NA"
"-79.91","43.29","HAMILTON RBG CS","6153301","2020-03-07 17:00","2020","03","07","17:00","","M","","M","46","","","M","30","","10","","","","102.04","","","","","","NA"
"-79.91","43.29","HAMILTON RBG CS","6153301","2020-03-07 18:00","2020","03","07","18:00","","M","","M","46","","","M","29","","11","","","","102.00","","","","","","NA"
"-79.91","43.29","HAMILTON RBG CS","6153301","2020-03-07 19:00","2020","03","07","19:00","","M","","M","43","","","M","27","","12","","","","101.90","","","","","","NA"
"-79.91","43.29","HAMILTON RBG CS","6153301","2020-03-07 20:00","2020","03","07","20:00","","M","","M","49","","","M","29","","12","","","","101.88","","","","","","NA"
"-79.91","43.29","HAMILTON RBG CS","6153301","2020-03-07 21:00","2020","03","07","21:00","","M","","M","47","","","M","28","","15","","","","101.82","","","","","","NA"
"-79.91","43.29","HAMILTON RBG CS","6153301","2020-03-07 22:00","2020","03","07","22:00","","M","","M","46","","","M","28","","10","","","","101.75","","","","","","NA"
"-79.91","43.29","HAMILTON RBG CS","6153301","2020-03-07 23:00","2020","03","07","23:00","","M","","M","51","","","M","29","","4","","","","101.71","","","","","","NA"
"-79.91","43.29","HAMILTON RBG CS","6153301","2020-03-08 00:00","2020","03","08","00:00","","M","","M","60","","","M","","","0","","","","101.66","","","","","","NA"
"-79.91","43.29","HAMILTON RBG CS","6153301","2020-03-08 01:00","2020","03","08","01:00","","M","","M","73","","","M","24","","8","","","","101.69","","","","","","NA"
"-79.91","43.29","HAMILTON RBG CS","6153301","2020-03-08 02:00","2020","03","08","02:00","","M","","M","78","","","M","25","","10","","","","101.68","","","","","","NA"
"-79.91","43.29","HAMILTON RBG CS","6153301","2020-03-08 03:00","2020","03","08","03:00","","M","","M","81","","","M","25","","7","","","","101.65","","","","","","NA"
"-79.91","43.29","HAMILTON RBG CS","6153301","2020-03-08 04:00","2020","03","08","04:00","","M","","M","78","","","M","25","","8","","","","101.59","","","","","","NA"
"-79.91","43.29","HAMILTON RBG CS","6153301","2020-03-08 05:00","2020","03","08","05:00","","M","","M","79","","","M","26","","9","","","","101.57","","","","","","NA"
"-79.91","43.29","HAMILTON RBG CS","6153301","2020-03-08 06:00","2020","03","08","06:00","","M","","M","79","","","M","26","","7","","","","101.56","","","","","","NA"
"-79.91","43.29","HAMILTON RBG CS","6153301","2020-03-08 07:00","2020","03","08","07:00","","M","","M","81","","","M","25","","5","","","","101.53","","","","","","NA"
"-79.91","43.29","HAMILTON RBG CS","6153301","2020-03-08 08:00","2020","03","08","08:00","","M","","M","80","","","M","26","","6","","","","101.54","","","","","","NA"
"-79.91","43.29","HAMILTON RBG CS","6153301","2020-03-08 09:00","2020","03","08","09:00","","M","","M","81","","","M","","","0","","","","101.50","","","","","","NA"
"-79.91","43.29","HAMILTON RBG CS","6153301","2020-03-08 10:00","2020","03","08","10:00","","M","","M","82","","","M","27","","3","","","","101.51","","","","","","NA"
"-79.91","43.29","HAMILTON RBG CS","6153301","2020-03-08 11:00","2020","03","08","11:00","","M","","M","81","","","M","26","","5","","","","101.54","","","","","","NA"
"-79.91","43.29","HAMILTON RBG CS","6153301","2020-03-08 12:00","2020","03","08","12:00","","M","","M","79","","","M","26","","6","","","","101.55","","","","","","NA"
"-79.91","43.29","HAMILTON RBG CS","6153301","2020-03-08 13:00","2020","03","08","13:00","","M","","M","69","","","M","25","","7","","","","101.56","","","","","","NA"
"-79.91","43.29","HAMILTON RBG CS","6153301","2020-03-08 14:00","2020","03","08","14:00","","M","","M","60","","","M","25","","11","","","","101.54","","","","","","NA"
"-79.91","43.29","HAMILTON RBG CS","6153301","2020-03-08 15:00","2020","03","08","15:00","","M","","M","54","","","M","23","","11","","","","101.52","","","","","","NA"
"-79.91","43.29","HAMILTON RBG CS","6153301","2020-03-08 16:00","2020","03","08","16:00","","M","","M","50","","","M","23","","12","","","","101.48","","","","","","NA"
"-79.91","43.29","HAMILTON RBG CS","6153301","2020-03-08 17:00","2020","03","08","17:00","","M","","M","45","","","M","23","","15","","","","101.38","","","","","","NA"
"-79.91","43.29","HAMILTON RBG CS","6153301","2020-03-08 18:00","2020","03","08","18:00","","M","","M","42","","","M","23","","13","","","","101.29","","","","","","NA"
"-79.91","43.29","HAMILTON RBG CS","6153301","2020-03-08 19:00","2020","03","08","19:00","","M","","M","36","","","M","23","","14","","","","101.17","","","","","","NA"
"-79.91","43.29","HAMILTON RBG CS","6153301","2020-03-08 20:00","2020","03","08","20:00","","M","","M","31","","","M","24","","12","","","","101.08","","","","","","NA"
"-79.91","43.29","HAMILTON RBG CS","6153301","2020-03-08 21:00","2020","03","08","21:00","","M","","M","30","","","M","24","","14","","","","101.01","","","","","","NA"
"-79.91","43.29","HAMILTON RBG CS","6153301","2020-03-08 22:00","2020","03","08","22:00","","M","","M","29","","","M","25","","14","","","","101.00","","","","","","NA"
"-79.91","43.29","HAMILTON RBG CS","6153301","2020-03-08 23:00","2020","03","08","23:00","","M","","M","31","","","M","24","","9","","","","100.97","","","","","","NA"
"-79.91","43.29","HAMILTON RBG CS","6153301","2020-03-09 00:00","2020","03","09","00:00","","M","","M","35","","","M","24","","7","","","","100.94","","","","","","NA"
"-79.91","43.29","HAMILTON RBG CS","6153301","2020-03-09 01:00","2020","03","09","01:00","","M","","M","40","","","M","26","","9","","","","100.93","","","","","","NA"
"-79.91","43.29","HAMILTON RBG CS","6153301","2020-03-09 02:00","2020","03","09","02:00","","M","","M","43","","","M","25","","9","","","","100.90","","","","","","NA"
"-79.91","43.29","HAMILTON RBG CS","6153301","2020-03-09 03:00","2020","03","09","03:00","","M","","M","43","","","M","26","","9","","","","100.88","","","","","","NA"
"-79.91","43.29","HAMILTON RBG CS","6153301","2020-03-09 04:00","2020","03","09","04:00","","M","","M","44","","","M","26","","8","","","","100.87","","","","","","NA"
"-79.91","43.29","HAMILTON RBG CS","6153301","2020-03-09 05:00","2020","03","09","05:00","","M","","M","45","","","M","26","","9","","","","100.86","","","","","","NA"
"-79.91","43.29","HAMILTON RBG CS","6153301","2020-03-09 06:00","2020","03","09","06:00","","M","","M","41","","","M","26","","10","","","","100.86","","","","","","NA"
"-79.91","43.29","HAMILTON RBG CS","6153301","2020-03-09 07:00","2020","03","09","07:00","","M","","M","42","","","M","26","","11","","","","100.90","","","","","","NA"
"-79.91","43.29","HAMILTON RBG CS","6153301","2020-03-09 08:00","2020","03","09","08:00","","M","","M","45","","","M","26","","10","","","","100.85","","","","","","NA"
"-79.91","43.29","HAMILTON RBG CS","6153301","2020-03-09 09:00","2020","03","09","09:00","","M","","M","49","","","M","25","","10","","","","100.84","","","","","","NA"
"-79.91","43.29","HAMILTON RBG CS","6153301","2020-03-09 10:00","2020","03","09","10:00","","M","","M","52","","","M","25","","9","","","","100.83","","","","","","NA"
"-79.91","43.29","HAMILTON RBG CS","6153301","2020-03-09 11:00","2020","03","09","11:00","","M","","M","50","","","M","26","","11","","","","100.86","","","","","","NA"
"-79.91","43.29","HAMILTON RBG CS","6153301","2020-03-09 12:00","2020","03","09","12:00","","M","","M","52","","","M","25","","11","","","","100.87","","","","","","NA"
"-79.91","43.29","HAMILTON RBG CS","6153301","2020-03-09 13:00","2020","03","09","13:00","","M","","M","48","","","M","26","","12","","","","100.88","","","","","","NA"
"-79.91","43.29","HAMILTON RBG CS","6153301","2020-03-09 14:00","2020","03","09","14:00","","M","","M","43","","","M","25","","13","","","","100.86","","","","","","NA"
"-79.91","43.29","HAMILTON RBG CS","6153301","2020-03-09 15:00","2020","03","09","15:00","","M","","M","40","","","M","25","","15","","","","100.81","","","","","","NA"
"-79.91","43.29","HAMILTON RBG CS","6153301","2020-03-09 16:00","2020","03","09","16:00","","M","","M","40","","","M","24","","15","","","","100.82","","","","","","NA"
"-79.91","43.29","HAMILTON RBG CS","6153301","2020-03-09 17:00","2020","03","09","17:00","","M","","M","36","","","M","26","","22","","","","100.83","","","","","","NA"
"-79.91","43.29","HAMILTON RBG CS","6153301","2020-03-09 18:00","2020","03","09","18:00","","M","","M","37","","","M","25","","15","","","","100.78","","","","","","NA"
"-79.91","43.29","HAMILTON RBG CS","6153301","2020-03-09 19:00","2020","03","09","19:00","","M","","M","40","","","M","22","","15","","","","100.71","","","","","","NA"
"-79.91","43.29","HAMILTON RBG CS","6153301","2020-03-09 20:00","2020","03","09","20:00","","M","","M","42","","","M","24","","16","","","","100.72","","","","","","NA"
"-79.91","43.29","HAMILTON RBG CS","6153301","2020-03-09 21:00","2020","03","09","21:00","","M","","M","42","","","M","24","","16","","","","100.71","","","","","","NA"
"-79.91","43.29","HAMILTON RBG CS","6153301","2020-03-09 22:00","2020","03","09","22:00","","M","","M","44","","","M","24","","16","","","","100.72","","","","","","NA"
"-79.91","43.29","HAMILTON RBG CS","6153301","2020-03-09 23:00","2020","03","09","23:00","","M","","M","50","","","M","24","","10","","","","100.71","","","","","","NA"
"-79.91","43.29","HAMILTON RBG CS","6153301","2020-03-10 00:00","2020","03","10","00:00","","M","","M","53","","","M","25","","10","","","","100.73","","","","","","NA"
"-79.91","43.29","HAMILTON RBG CS","6153301","2020-03-10 01:00","2020","03","10","01:00","","M","","M","56","","","M","25","","8","","","","100.75","","","","","","NA"
"-79.91","43.29","HAMILTON RBG CS","6153301","2020-03-10 02:00","2020","03","10","02:00","","M","","M","78","","","M","25","","9","","","","100.77","","","","","","NA"
"-79.91","43.29","HAMILTON RBG CS","6153301","2020-03-10 03:00","2020","03","10","03:00","","M","","M","84","","","M","27","","6","","","","100.65","","","","","","NA"
"-79.91","43.29","HAMILTON RBG CS","6153301","2020-03-10 04:00","2020","03","10","04:00","","M","","M","89","","","M","27","","3","","","","100.54","","","","","","NA"
"-79.91","43.29","HAMILTON RBG CS","6153301","2020-03-10 05:00","2020","03","10","05:00","","M","","M","84","","","M","29","","4","","","","100.43","","","","","","NA"
"-79.91","43.29","HAMILTON RBG CS","6153301","2020-03-10 06:00","2020","03","10","06:00","","M","","M","82","","","M","","","0","","","","100.30","","","","","","NA"
"-79.91","43.29","HAMILTON RBG CS","6153301","2020-03-10 07:00","2020","03","10","07:00","","M","","M","74","","","M","25","","7","","","","100.19","","","","","","NA"
"-79.91","43.29","HAMILTON RBG CS","6153301","2020-03-10 08:00","2020","03","10","08:00","","M","","M","79","","","M","25","","6","","","","100.05","","","","","","NA"
"-79.91","43.29","HAMILTON RBG CS","6153301","2020-03-10 09:00","2020","03","10","09:00","","M","","M","89","","","M","25","","9","","","","99.93","","","","","","NA"
"-79.91","43.29","HAMILTON RBG CS","6153301","2020-03-10 10:00","2020","03","10","10:00","","M","","M","92","","","M","22","","13","","","","99.83","","","","","","NA"
"-79.91","43.29","HAMILTON RBG CS","6153301","2020-03-10 11:00","2020","03","10","11:00","","M","","M","93","","","M","23","","11","","","","99.74","","","","","","NA"
"-79.91","43.29","HAMILTON RBG CS","6153301","2020-03-10 12:00","2020","03","10","12:00","","M","","M","94","","","M","23","","13","","","","99.67","","","","","","NA"
"-79.91","43.29","HAMILTON RBG CS","6153301","2020-03-10 13:00","2020","03","10","13:00","","M","","M","95","","","M","24","","9","","","","99.61","","","","","","NA"
"-79.91","43.29","HAMILTON RBG CS","6153301","2020-03-10 14:00","2020","03","10","14:00","","M","","M","97","","","M","25","","11","","","","99.61","","","","","","NA"
"-79.91","43.29","HAMILTON RBG CS","6153301","2020-03-10 15:00","2020","03","10","15:00","","M","","M","92","","","M","25","","11","","","","99.59","","","","","","NA"
"-79.91","43.29","HAMILTON RBG CS","6153301","2020-03-10 16:00","2020","03","10","16:00","","M","","M","93","","","M","27","","14","","","","99.69","","","","","","NA"
"-79.91","43.29","HAMILTON RBG CS","6153301","2020-03-10 17:00","2020","03","10","17:00","","M","","M","81","","","M","30","","19","","","","99.87","","","","","","NA"
"-79.91","43.29","HAMILTON RBG CS","6153301","2020-03-10 18:00","2020","03","10","18:00","","M","","M","82","","","M","29","","20","","","","100.02","","","","","","NA"
"-79.91","43.29","HAMILTON RBG CS","6153301","2020-03-10 19:00","2020","03","10","19:00","","M","","M","80","","","M","31","","17","","","","100.18","","","","","","NA"
"-79.91","43.29","HAMILTON RBG CS","6153301","2020-03-10 20:00","2020","03","10","20:00","","M","","M","82","","","M","30","","14","","","","100.34","","","","","","NA"
"-79.91","43.29","HAMILTON RBG CS","6153301","2020-03-10 21:00","2020","03","10","21:00","","M","","M","78","","","M","29","","13","","","","100.45","","","","","","NA"
"-79.91","43.29","HAMILTON RBG CS","6153301","2020-03-10 22:00","2020","03","10","22:00","","M","","M","70","","","M","28","","10","","","","100.55","","","","","","NA"
"-79.91","43.29","HAMILTON RBG CS","6153301","2020-03-10 23:00","2020","03","10","23:00","","M","","M","71","","","M","27","","9","","","","100.72","","","","","","NA"
"-79.91","43.29","HAMILTON RBG CS","6153301","2020-03-11 00:00","2020","03","11","00:00","","M","","M","75","","","M","28","","10","","","","100.90","","","","","","NA"
"-79.91","43.29","HAMILTON RBG CS","6153301","2020-03-11 01:00","2020","03","11","01:00","","M","","M","77","","","M","27","","6","","","","100.98","","","","","","NA"
"-79.91","43.29","HAMILTON RBG CS","6153301","2020-03-11 02:00","2020","03","11","02:00","","M","","M","83","","","M","27","","3","","","","101.01","","","","","","NA"
"-79.91","43.29","HAMILTON RBG CS","6153301","2020-03-11 03:00","2020","03","11","03:00","","M","","M","88","","","M","25","","3","","","","101.04","","","","","","NA"
"-79.91","43.29","HAMILTON RBG CS","6153301","2020-03-11 04:00","2020","03","11","04:00","","M","","M","88","","","M","","","0","","","","101.10","","","","","","NA"
"-79.91","43.29","HAMILTON RBG CS","6153301","2020-03-11 05:00","2020","03","11","05:00","","M","","M","91","","","M","28","","4","","","","101.10","","","","","","NA"
"-79.91","43.29","HAMILTON RBG CS","6153301","2020-03-11 06:00","2020","03","11","06:00","","M","","M","94","","","M","","","0","","","","101.06","","","","","","NA"
"-79.91","43.29","HAMILTON RBG CS","6153301","2020-03-11 07:00","2020","03","11","07:00","","M","","M","97","","","M","29","","4","","","","101.06","","","","","","NA"
"-79.91","43.29","HAMILTON RBG CS","6153301","2020-03-11 08:00","2020","03","11","08:00","","M","","M","98","","","M","","","0","","","","100.97","","","","","","NA"
"-79.91","43.29","HAMILTON RBG CS","6153301","2020-03-11 09:00","2020","03","11","09:00","","M","","M","98","","","M","","","0","","","","100.93","","","","","","NA"
"-79.91","43.29","HAMILTON RBG CS","6153301","2020-03-11 10:00","2020","03","11","10:00","","M","","M","99","","","M","","","0","","","","100.96","","","","","","NA"
"-79.91","43.29","HAMILTON RBG CS","6153301","2020-03-11 11:00","2020","03","11","11:00","","M","","M","99","","","M","","","0","","","","100.99","","","","","","NA"
"-79.91","43.29","HAMILTON RBG CS","6153301","2020-03-11 12:00","2020","03","11","12:00","","M","","M","100","","","M","","","0","","","","100.99","","","","","","NA"
"-79.91","43.29","HAMILTON RBG CS","6153301","2020-03-11 13:00","2020","03","11","13:00","","M","","M","99","","","M","","","0","","","","101.00","","","","","","NA"
"-79.91","43.29","HAMILTON RBG CS","6153301","2020-03-11 14:00","2020","03","11","14:00","","M","","M","85","","","M","","","0","","","","100.90","","","","","","NA"
"-79.91","43.29","HAMILTON RBG CS","6153301","2020-03-11 15:00","2020","03","11","15:00","","M","","M","81","","","M","6","","4","","","","100.87","","","","","","NA"
"-79.91","43.29","HAMILTON RBG CS","6153301","2020-03-11 16:00","2020","03","11","16:00","","M","","M","78","","","M","10","","5","","","","100.81","","","","","","NA"
"-79.91","43.29","HAMILTON RBG CS","6153301","2020-03-11 17:00","2020","03","11","17:00","","M","","M","77","","","M","10","","9","","","","100.73","","","","","","NA"
"-79.91","43.29","HAMILTON RBG CS","6153301","2020-03-11 18:00","2020","03","11","18:00","","M","","M","75","","","M","8","","13","","","","100.64","","","","","","NA"
"-79.91","43.29","HAMILTON RBG CS","6153301","2020-03-11 19:00","2020","03","11","19:00","","M","","M","69","","","M","9","","15","","","","100.57","","","","","","NA"
"-79.91","43.29","HAMILTON RBG CS","6153301","2020-03-11 20:00","2020","03","11","20:00","","M","","M","69","","","M","9","","10","","","","100.61","","","","","","NA"
"-79.91","43.29","HAMILTON RBG CS","6153301","2020-03-11 21:00","2020","03","11","21:00","","M","","M","74","","","M","8","","10","","","","100.62","","","","","","NA"
"-79.91","43.29","HAMILTON RBG CS","6153301","2020-03-11 22:00","2020","03","11","22:00","","M","","M","77","","","M","7","","9","","","","100.58","","","","","","NA"
"-79.91","43.29","HAMILTON RBG CS","6153301","2020-03-11 23:00","2020","03","11","23:00","","M","","M","78","","","M","9","","8","","","","100.52","","","","","","NA"
"-79.91","43.29","HAMILTON RBG CS","6153301","2020-03-12 00:00","2020","03","12","00:00","","M","","M","81","","","M","7","","9","","","","100.54","","","","","","NA"
"-79.91","43.29","HAMILTON RBG CS","6153301","2020-03-12 01:00","2020","03","12","01:00","","M","","M","81","","","M","6","","9","","","","100.55","","","","","","NA"
"-79.91","43.29","HAMILTON RBG CS","6153301","2020-03-12 02:00","2020","03","12","02:00","","M","","M","82","","","M","6","","8","","","","100.50","","","","","","NA"
"-79.91","43.29","HAMILTON RBG CS","6153301","2020-03-12 03:00","2020","03","12","03:00","","M","","M","84","","","M","4","","5","","","","100.54","","","","","","NA"
"-79.91","43.29","HAMILTON RBG CS","6153301","2020-03-12 04:00","2020","03","12","04:00","","M","","M","87","","","M","3","","4","","","","100.51","","","","","","NA"
"-79.91","43.29","HAMILTON RBG CS","6153301","2020-03-12 05:00","2020","03","12","05:00","","M","","M","88","","","M","6","","6","","","","100.45","","","","","","NA"
"-79.91","43.29","HAMILTON RBG CS","6153301","2020-03-12 06:00","2020","03","12","06:00","","M","","M","88","","","M","6","","9","","","","100.43","","","","","","NA"
"-79.91","43.29","HAMILTON RBG CS","6153301","2020-03-12 07:00","2020","03","12","07:00","","M","","M","89","","","M","9","","4","","","","100.46","","","","","","NA"
"-79.91","43.29","HAMILTON RBG CS","6153301","2020-03-12 08:00","2020","03","12","08:00","","M","","M","88","","","M","6","","4","","","","100.44","","","","","","NA"
"-79.91","43.29","HAMILTON RBG CS","6153301","2020-03-12 09:00","2020","03","12","09:00","","M","","M","91","","","M","","","0","","","","100.48","","","","","","NA"
"-79.91","43.29","HAMILTON RBG CS","6153301","2020-03-12 10:00","2020","03","12","10:00","","M","","M","91","","","M","3","","3","","","","100.50","","","","","","NA"
"-79.91","43.29","HAMILTON RBG CS","6153301","2020-03-12 11:00","2020","03","12","11:00","","M","","M","90","","","M","6","","4","","","","100.51","","","","","","NA"
"-79.91","43.29","HAMILTON RBG CS","6153301","2020-03-12 12:00","2020","03","12","12:00","","M","","M","89","","","M","7","","7","","","","100.53","","","","","","NA"
"-79.91","43.29","HAMILTON RBG CS","6153301","2020-03-12 13:00","2020","03","12","13:00","","M","","M","88","","","M","7","","7","","","","100.56","","","","","","NA"
"-79.91","43.29","HAMILTON RBG CS","6153301","2020-03-12 14:00","2020","03","12","14:00","","M","","M","88","","","M","7","","8","","","","100.52","","","","","","NA"
"-79.91","43.29","HAMILTON RBG CS","6153301","2020-03-12 15:00","2020","03","12","15:00","","M","","M","87","","","M","6","","11","","","","100.48","","","","","","NA"
"-79.91","43.29","HAMILTON RBG CS","6153301","2020-03-12 16:00","2020","03","12","16:00","","M","","M","86","","","M","10","","8","","","","100.47","","","","","","NA"
"-79.91","43.29","HAMILTON RBG CS","6153301","2020-03-12 17:00","2020","03","12","17:00","","M","","M","86","","","M","7","","11","","","","100.41","","","","","","NA"
"-79.91","43.29","HAMILTON RBG CS","6153301","2020-03-12 18:00","2020","03","12","18:00","","M","","M","85","","","M","11","","8","","","","100.34","","","","","","NA"
"-79.91","43.29","HAMILTON RBG CS","6153301","2020-03-12 19:00","2020","03","12","19:00","","M","","M","87","","","M","12","","8","","","","100.24","","","","","","NA"
"-79.91","43.29","HAMILTON RBG CS","6153301","2020-03-12 20:00","2020","03","12","20:00","","M","","M","84","","","M","9","","8","","","","100.20","","","","","","NA"
"-79.91","43.29","HAMILTON RBG CS","6153301","2020-03-12 21:00","2020","03","12","21:00","","M","","M","87","","","M","11","","7","","","","100.10","","","","","","NA"
"-79.91","43.29","HAMILTON RBG CS","6153301","2020-03-12 22:00","2020","03","12","22:00","","M","","M","91","","","M","9","","10","","","","99.99","","","","","","NA"
"-79.91","43.29","HAMILTON RBG CS","6153301","2020-03-12 23:00","2020","03","12","23:00","","M","","M","91","","","M","8","","9","","","","99.89","","","","","","NA"
"-79.91","43.29","HAMILTON RBG CS","6153301","2020-03-13 00:00","2020","03","13","00:00","","M","","M","91","","","M","7","","9","","","","99.84","","","","","","NA"
"-79.91","43.29","HAMILTON RBG CS","6153301","2020-03-13 01:00","2020","03","13","01:00","","M","","M","90","","","M","6","","6","","","","99.76","","","","","","NA"
"-79.91","43.29","HAMILTON RBG CS","6153301","2020-03-13 02:00","2020","03","13","02:00","","M","","M","88","","","M","6","","6","","","","99.61","","","","","","NA"
"-79.91","43.29","HAMILTON RBG CS","6153301","2020-03-13 03:00","2020","03","13","03:00","","M","","M","87","","","M","8","","6","","","","99.44","","","","","","NA"
"-79.91","43.29","HAMILTON RBG CS","6153301","2020-03-13 04:00","2020","03","13","04:00","","M","","M","90","","","M","6","","4","","","","99.29","","","","","","NA"
"-79.91","43.29","HAMILTON RBG CS","6153301","2020-03-13 05:00","2020","03","13","05:00","","M","","M","95","","","M","7","","3","","","","99.13","","","","","","NA"
"-79.91","43.29","HAMILTON RBG CS","6153301","2020-03-13 06:00","2020","03","13","06:00","","M","","M","97","","","M","","","0","","","","99.01","","","","","","NA"
"-79.91","43.29","HAMILTON RBG CS","6153301","2020-03-13 07:00","2020","03","13","07:00","","M","","M","99","","","M","4","","3","","","","98.85","","","","","","NA"
"-79.91","43.29","HAMILTON RBG CS","6153301","2020-03-13 08:00","2020","03","13","08:00","","M","","M","99","","","M","","","0","","","","98.74","","","","","","NA"
"-79.91","43.29","HAMILTON RBG CS","6153301","2020-03-13 09:00","2020","03","13","09:00","","M","","M","100","","","M","","","0","","","","98.64","","","","","","NA"
"-79.91","43.29","HAMILTON RBG CS","6153301","2020-03-13 10:00","2020","03","13","10:00","","M","","M","99","","","M","26","","11","","","","98.68","","","","","","NA"
"-79.91","43.29","HAMILTON RBG CS","6153301","2020-03-13 11:00","2020","03","13","11:00","","M","","M","84","","","M","27","","19","","","","98.82","","","","","","NA"
"-79.91","43.29","HAMILTON RBG CS","6153301","2020-03-13 12:00","2020","03","13","12:00","","M","","M","76","","","M","28","","24","","","","99.16","","","","","","NA"
"-79.91","43.29","HAMILTON RBG CS","6153301","2020-03-13 13:00","2020","03","13","13:00","","M","","M","71","","","M","28","","21","","","","99.38","","","","","","NA"
"-79.91","43.29","HAMILTON RBG CS","6153301","2020-03-13 14:00","2020","03","13","14:00","","M","","M","63","","","M","28","","27","","","","99.55","","","","","","NA"
"-79.91","43.29","HAMILTON RBG CS","6153301","2020-03-13 15:00","2020","03","13","15:00","","M","","M","57","","","M","27","","25","","","","99.66","","","","","","NA"
"-79.91","43.29","HAMILTON RBG CS","6153301","2020-03-13 16:00","2020","03","13","16:00","","M","","M","52","","","M","27","","26","","","","99.80","","","","","","NA"
"-79.91","43.29","HAMILTON RBG CS","6153301","2020-03-13 17:00","2020","03","13","17:00","","M","","M","47","","","M","27","","28","","","","99.93","","","","","","NA"
"-79.91","43.29","HAMILTON RBG CS","6153301","2020-03-13 18:00","2020","03","13","18:00","","M","","M","51","","","M","26","","20","","","","100.07","","","","","","NA"
"-79.91","43.29","HAMILTON RBG CS","6153301","2020-03-13 19:00","2020","03","13","19:00","","M","","M","49","","","M","28","","30","","","","100.17","","","","","","NA"
"-79.91","43.29","HAMILTON RBG CS","6153301","2020-03-13 20:00","2020","03","13","20:00","","M","","M","45","","","M","27","","25","","","","100.26","","","","","","NA"
"-79.91","43.29","HAMILTON RBG CS","6153301","2020-03-13 21:00","2020","03","13","21:00","","M","","M","44","","","M","28","","18","","","","100.38","","","","","","NA"
"-79.91","43.29","HAMILTON RBG CS","6153301","2020-03-13 22:00","2020","03","13","22:00","","M","","M","46","","","M","28","","23","","","","100.49","","","","","","NA"
"-79.91","43.29","HAMILTON RBG CS","6153301","2020-03-13 23:00","2020","03","13","23:00","","M","","M","48","","","M","27","","20","","","","100.60","","","","","","NA"
"-79.91","43.29","HAMILTON RBG CS","6153301","2020-03-14 00:00","2020","03","14","00:00","","M","","M","53","","","M","27","","15","","","","100.73","","","","","","NA"
"-79.91","43.29","HAMILTON RBG CS","6153301","2020-03-14 01:00","2020","03","14","01:00","","M","","M","57","","","M","28","","14","","","","100.84","","","","","","NA"
"-79.91","43.29","HAMILTON RBG CS","6153301","2020-03-14 02:00","2020","03","14","02:00","","M","","M","54","","","M","28","","14","","","","100.95","","","","","","NA"
"-79.91","43.29","HAMILTON RBG CS","6153301","2020-03-14 03:00","2020","03","14","03:00","","M","","M","56","","","M","27","","18","","","","101.06","","","","","","NA"
"-79.91","43.29","HAMILTON RBG CS","6153301","2020-03-14 04:00","2020","03","14","04:00","","M","","M","60","","","M","27","","13","","","","101.12","","","","","","NA"
"-79.91","43.29","HAMILTON RBG CS","6153301","2020-03-14 05:00","2020","03","14","05:00","","M","","M","62","","","M","27","","12","","","","101.17","","","","","","NA"
"-79.91","43.29","HAMILTON RBG CS","6153301","2020-03-14 06:00","2020","03","14","06:00","","M","","M","63","","","M","25","","10","","","","101.21","","","","","","NA"
"-79.91","43.29","HAMILTON RBG CS","6153301","2020-03-14 07:00","2020","03","14","07:00","","M","","M","66","","","M","26","","12","","","","101.34","","","","","","NA"
"-79.91","43.29","HAMILTON RBG CS","6153301","2020-03-14 08:00","2020","03","14","08:00","","M","","M","68","","","M","26","","9","","","","101.35","","","","","","NA"
"-79.91","43.29","HAMILTON RBG CS","6153301","2020-03-14 09:00","2020","03","14","09:00","","M","","M","70","","","M","29","","9","","","","101.36","","","","","","NA"
"-79.91","43.29","HAMILTON RBG CS","6153301","2020-03-14 10:00","2020","03","14","10:00","","M","","M","70","","","M","29","","12","","","","101.49","","","","","","NA"
"-79.91","43.29","HAMILTON RBG CS","6153301","2020-03-14 11:00","2020","03","14","11:00","","M","","M","71","","","M","30","","8","","","","101.56","","","","","","NA"
"-79.91","43.29","HAMILTON RBG CS","6153301","2020-03-14 12:00","2020","03","14","12:00","","M","","M","71","","","M","32","","6","","","","101.62","","","","","","NA"
"-79.91","43.29","HAMILTON RBG CS","6153301","2020-03-14 13:00","2020","03","14","13:00","","M","","M","71","","","M","30","","11","","","","101.74","","","","","","NA"
"-79.91","43.29","HAMILTON RBG CS","6153301","2020-03-14 14:00","2020","03","14","14:00","","M","","M","69","","","M","32","","14","","","","101.75","","","","","","NA"
"-79.91","43.29","HAMILTON RBG CS","6153301","2020-03-14 15:00","2020","03","14","15:00","","M","","M","67","","","M","31","","12","","","","101.78","","","","","","NA"
"-79.91","43.29","HAMILTON RBG CS","6153301","2020-03-14 16:00","2020","03","14","16:00","","M","","M","63","","","M","33","","7","","","","101.82","","","","","","NA"
"-79.91","43.29","HAMILTON RBG CS","6153301","2020-03-14 17:00","2020","03","14","17:00","","M","","M","65","","","M","30","","11","","","","101.86","","","","","","NA"
"-79.91","43.29","HAMILTON RBG CS","6153301","2020-03-14 18:00","2020","03","14","18:00","","M","","M","62","","","M","31","","10","","","","101.86","","","","","","NA"
"-79.91","43.29","HAMILTON RBG CS","6153301","2020-03-14 19:00","2020","03","14","19:00","","M","","M","65","","","M","30","","8","","","","101.85","","","","","","NA"
"-79.91","43.29","HAMILTON RBG CS","6153301","2020-03-14 20:00","2020","03","14","20:00","","M","","M","68","","","M","28","","10","","","","101.87","","","","","","NA"
"-79.91","43.29","HAMILTON RBG CS","6153301","2020-03-14 21:00","2020","03","14","21:00","","M","","M","68","","","M","31","","9","","","","101.79","","","","","","NA"
"-79.91","43.29","HAMILTON RBG CS","6153301","2020-03-14 22:00","2020","03","14","22:00","","M","","M","69","","","M","29","","8","","","","101.80","","","","","","NA"
"-79.91","43.29","HAMILTON RBG CS","6153301","2020-03-14 23:00","2020","03","14","23:00","","M","","M","71","","","M","30","","6","","","","101.87","","","","","","NA"
"-79.91","43.29","HAMILTON RBG CS","6153301","2020-03-15 00:00","2020","03","15","00:00","","M","","M","71","","","M","32","","4","","","","101.92","","","","","","NA"
"-79.91","43.29","HAMILTON RBG CS","6153301","2020-03-15 01:00","2020","03","15","01:00","","M","","M","72","","","M","32","","4","","","","101.95","","","","","","NA"
"-79.91","43.29","HAMILTON RBG CS","6153301","2020-03-15 02:00","2020","03","15","02:00","","M","","M","74","","","M","","","0","","","","101.97","","","","","","NA"
"-79.91","43.29","HAMILTON RBG CS","6153301","2020-03-15 03:00","2020","03","15","03:00","","M","","M","76","","","M","","","0","","","","101.98","","","","","","NA"
"-79.91","43.29","HAMILTON RBG CS","6153301","2020-03-15 04:00","2020","03","15","04:00","","M","","M","77","","","M","5","","3","","","","101.99","","","","","","NA"
"-79.91","43.29","HAMILTON RBG CS","6153301","2020-03-15 05:00","2020","03","15","05:00","","M","","M","80","","","M","","","0","","","","101.99","","","","","","NA"
"-79.91","43.29","HAMILTON RBG CS","6153301","2020-03-15 06:00","2020","03","15","06:00","","M","","M","85","","","M","","","0","","","","102.00","","","","","","NA"
"-79.91","43.29","HAMILTON RBG CS","6153301","2020-03-15 07:00","2020","03","15","07:00","","M","","M","81","","","M","","","0","","","","102.03","","","","","","NA"
"-79.91","43.29","HAMILTON RBG CS","6153301","2020-03-15 08:00","2020","03","15","08:00","","M","","M","76","","","M","","","0","","","","102.04","","","","","","NA"
"-79.91","43.29","HAMILTON RBG CS","6153301","2020-03-15 09:00","2020","03","15","09:00","","M","","M","65","","","M","4","","5","","","","102.11","","","","","","NA"
"-79.91","43.29","HAMILTON RBG CS","6153301","2020-03-15 10:00","2020","03","15","10:00","","M","","M","60","","","M","3","","8","","","","102.20","","","","","","NA"
"-79.91","43.29","HAMILTON RBG CS","6153301","2020-03-15 11:00","2020","03","15","11:00","","M","","M","58","","","M","3","","7","","","","102.27","","","","","","NA"
"-79.91","43.29","HAMILTON RBG CS","6153301","2020-03-15 12:00","2020","03","15","12:00","","M","","M","55","","","M","4","","8","","","","102.36","","","","","","NA"
"-79.91","43.29","HAMILTON RBG CS","6153301","2020-03-15 13:00","2020","03","15","13:00","","M","","M","48","","","M","4","","11","","","","102.44","","","","","","NA"
"-79.91","43.29","HAMILTON RBG CS","6153301","2020-03-15 14:00","2020","03","15","14:00","","M","","M","44","","","M","4","","13","","","","102.49","","","","","","NA"
"-79.91","43.29","HAMILTON RBG CS","6153301","2020-03-15 15:00","2020","03","15","15:00","","M","","M","44","","","M","6","","11","","","","102.53","","","","","","NA"
"-79.91","43.29","HAMILTON RBG CS","6153301","2020-03-15 16:00","2020","03","15","16:00","","M","","M","43","","","M","9","","13","","","","102.53","","","","","","NA"
"-79.91","43.29","HAMILTON RBG CS","6153301","2020-03-15 17:00","2020","03","15","17:00","","M","","M","43","","","M","11","","14","","","","102.56","","","","","","NA"
"-79.91","43.29","HAMILTON RBG CS","6153301","2020-03-15 18:00","2020","03","15","18:00","","M","","M","42","","","M","9","","12","","","","102.55","","","","","","NA"
"-79.91","43.29","HAMILTON RBG CS","6153301","2020-03-15 19:00","2020","03","15","19:00","","M","","M","46","","","M","9","","11","","","","102.46","","","","","","NA"
"-79.91","43.29","HAMILTON RBG CS","6153301","2020-03-15 20:00","2020","03","15","20:00","","M","","M","41","","","M","10","","12","","","","102.46","","","","","","NA"
"-79.91","43.29","HAMILTON RBG CS","6153301","2020-03-15 21:00","2020","03","15","21:00","","M","","M","34","","","M","9","","9","","","","102.41","","","","","","NA"
"-79.91","43.29","HAMILTON RBG CS","6153301","2020-03-15 22:00","2020","03","15","22:00","","M","","M","42","","","M","10","","9","","","","102.36","","","","","","NA"
"-79.91","43.29","HAMILTON RBG CS","6153301","2020-03-15 23:00","2020","03","15","23:00","","M","","M","45","","","M","8","","9","","","","102.34","","","","","","NA"
"-79.91","43.29","HAMILTON RBG CS","6153301","2020-03-16 00:00","2020","03","16","00:00","","M","","M","53","","","M","6","","5","","","","102.38","","","","","","NA"
"-79.91","43.29","HAMILTON RBG CS","6153301","2020-03-16 01:00","2020","03","16","01:00","","M","","M","66","","","M","1","","3","","","","102.44","","","","","","NA"
"-79.91","43.29","HAMILTON RBG CS","6153301","2020-03-16 02:00","2020","03","16","02:00","","M","","M","72","","","M","3","","3","","","","102.42","","","","","","NA"
"-79.91","43.29","HAMILTON RBG CS","6153301","2020-03-16 03:00","2020","03","16","03:00","","M","","M","74","","","M","4","","3","","","","102.41","","","","","","NA"
"-79.91","43.29","HAMILTON RBG CS","6153301","2020-03-16 04:00","2020","03","16","04:00","","M","","M","73","","","M","1","","4","","","","102.38","","","","","","NA"
"-79.91","43.29","HAMILTON RBG CS","6153301","2020-03-16 05:00","2020","03","16","05:00","","M","","M","73","","","M","","","0","","","","102.31","","","","","","NA"
"-79.91","43.29","HAMILTON RBG CS","6153301","2020-03-16 06:00","2020","03","16","06:00","","M","","M","70","","","M","","","0","","","","102.27","","","","","","NA"
"-79.91","43.29","HAMILTON RBG CS","6153301","2020-03-16 07:00","2020","03","16","07:00","","M","","M","78","","","M","","","0","","","","102.24","","","","","","NA"
"-79.91","43.29","HAMILTON RBG CS","6153301","2020-03-16 08:00","2020","03","16","08:00","","M","","M","73","","","M","6","","5","","","","102.17","","","","","","NA"
"-79.91","43.29","HAMILTON RBG CS","6153301","2020-03-16 09:00","2020","03","16","09:00","","M","","M","54","","","M","11","","8","","","","102.11","","","","","","NA"
"-79.91","43.29","HAMILTON RBG CS","6153301","2020-03-16 10:00","2020","03","16","10:00","","M","","M","55","","","M","9","","11","","","","102.10","","","","","","NA"
"-79.91","43.29","HAMILTON RBG CS","6153301","2020-03-16 11:00","2020","03","16","11:00","","M","","M","56","","","M","8","","12","","","","102.06","","","","","","NA"
"-79.91","43.29","HAMILTON RBG CS","6153301","2020-03-16 12:00","2020","03","16","12:00","","M","","M","55","","","M","8","","11","","","","102.06","","","","","","NA"
"-79.91","43.29","HAMILTON RBG CS","6153301","2020-03-16 13:00","2020","03","16","13:00","","M","","M","50","","","M","8","","11","","","","102.02","","","","","","NA"
"-79.91","43.29","HAMILTON RBG CS","6153301","2020-03-16 14:00","2020","03","16","14:00","","M","","M","42","","","M","8","","11","","","","101.94","","","","","","NA"
"-79.91","43.29","HAMILTON RBG CS","6153301","2020-03-16 15:00","2020","03","16","15:00","","M","","M","44","","","M","10","","10","","","","101.92","","","","","","NA"
"-79.91","43.29","HAMILTON RBG CS","6153301","2020-03-16 16:00","2020","03","16","16:00","","M","","M","46","","","M","10","","10","","","","101.78","","","","","","NA"
"-79.91","43.29","HAMILTON RBG CS","6153301","2020-03-16 17:00","2020","03","16","17:00","","M","","M","45","","","M","10","","12","","","","101.70","","","","","","NA"
"-79.91","43.29","HAMILTON RBG CS","6153301","2020-03-16 18:00","2020","03","16","18:00","","M","","M","48","","","M","11","","8","","","","101.54","","","","","","NA"
"-79.91","43.29","HAMILTON RBG CS","6153301","2020-03-16 19:00","2020","03","16","19:00","","M","","M","50","","","M","9","","8","","","","101.39","","","","","","NA"
"-79.91","43.29","HAMILTON RBG CS","6153301","2020-03-16 20:00","2020","03","16","20:00","","M","","M","50","","","M","12","","10","","","","101.28","","","","","","NA"
"-79.91","43.29","HAMILTON RBG CS","6153301","2020-03-16 21:00","2020","03","16","21:00","","M","","M","55","","","M","8","","12","","","","101.15","","","","","","NA"
"-79.91","43.29","HAMILTON RBG CS","6153301","2020-03-16 22:00","2020","03","16","22:00","","M","","M","63","","","M","8","","9","","","","101.05","","","","","","NA"
"-79.91","43.29","HAMILTON RBG CS","6153301","2020-03-16 23:00","2020","03","16","23:00","","M","","M","71","","","M","8","","8","","","","101.00","","","","","","NA"
"-79.91","43.29","HAMILTON RBG CS","6153301","2020-03-17 00:00","2020","03","17","00:00","","M","","M","79","","","M","8","","8","","","","100.95","","","","","","NA"
"-79.91","43.29","HAMILTON RBG CS","6153301","2020-03-17 01:00","2020","03","17","01:00","","M","","M","81","","","M","","","0","","","","101.02","","","","","","NA"
"-79.91","43.29","HAMILTON RBG CS","6153301","2020-03-17 02:00","2020","03","17","02:00","","M","","M","92","","","M","","","0","","","","100.97","","","","","","NA"
"-79.91","43.29","HAMILTON RBG CS","6153301","2020-03-17 03:00","2020","03","17","03:00","","M","","M","96","","","M","","","0","","","","100.83","","","","","","NA"
"-79.91","43.29","HAMILTON RBG CS","6153301","2020-03-17 04:00","2020","03","17","04:00","","M","","M","97","","","M","","","0","","","","100.78","","","","","","NA"
"-79.91","43.29","HAMILTON RBG CS","6153301","2020-03-17 05:00","2020","03","17","05:00","","M","","M","98","","","M","","","0","","","","100.67","","","","","","NA"
"-79.91","43.29","HAMILTON RBG CS","6153301","2020-03-17 06:00","2020","03","17","06:00","","M","","M","98","","","M","27","","3","","","","100.56","","","","","","NA"
"-79.91","43.29","HAMILTON RBG CS","6153301","2020-03-17 07:00","2020","03","17","07:00","","M","","M","98","","","M","26","","4","","","","100.49","","","","","","NA"
"-79.91","43.29","HAMILTON RBG CS","6153301","2020-03-17 08:00","2020","03","17","08:00","","M","","M","97","","","M","25","","5","","","","100.41","","","","","","NA"
"-79.91","43.29","HAMILTON RBG CS","6153301","2020-03-17 09:00","2020","03","17","09:00","","M","","M","94","","","M","24","","6","","","","100.40","","","","","","NA"
"-79.91","43.29","HAMILTON RBG CS","6153301","2020-03-17 10:00","2020","03","17","10:00","","M","","M","94","","","M","24","","7","","","","100.41","","","","","","NA"
"-79.91","43.29","HAMILTON RBG CS","6153301","2020-03-17 11:00","2020","03","17","11:00","","M","","M","92","","","M","24","","8","","","","100.44","","","","","","NA"
"-79.91","43.29","HAMILTON RBG CS","6153301","2020-03-17 12:00","2020","03","17","12:00","","M","","M","91","","","M","25","","6","","","","100.48","","","","","","NA"
"-79.91","43.29","HAMILTON RBG CS","6153301","2020-03-17 13:00","2020","03","17","13:00","","M","","M","90","","","M","24","","7","","","","100.53","","","","","","NA"
"-79.91","43.29","HAMILTON RBG CS","6153301","2020-03-17 14:00","2020","03","17","14:00","","M","","M","84","","","M","25","","11","","","","100.52","","","","","","NA"
"-79.91","43.29","HAMILTON RBG CS","6153301","2020-03-17 15:00","2020","03","17","15:00","","M","","M","74","","","M","26","","17","","","","100.53","","","","","","NA"
"-79.91","43.29","HAMILTON RBG CS","6153301","2020-03-17 16:00","2020","03","17","16:00","","M","","M","74","","","M","27","","12","","","","100.62","","","","","","NA"
"-79.91","43.29","HAMILTON RBG CS","6153301","2020-03-17 17:00","2020","03","17","17:00","","M","","M","72","","","M","27","","11","","","","100.69","","","","","","NA"
"-79.91","43.29","HAMILTON RBG CS","6153301","2020-03-17 18:00","2020","03","17","18:00","","M","","M","62","","","M","28","","16","","","","100.73","","","","","","NA"
"-79.91","43.29","HAMILTON RBG CS","6153301","2020-03-17 19:00","2020","03","17","19:00","","M","","M","54","","","M","26","","16","","","","100.75","","","","","","NA"
"-79.91","43.29","HAMILTON RBG CS","6153301","2020-03-17 20:00","2020","03","17","20:00","","M","","M","50","","","M","29","","15","","","","100.79","","","","","","NA"
"-79.91","43.29","HAMILTON RBG CS","6153301","2020-03-17 21:00","2020","03","17","21:00","","M","","M","49","","","M","28","","18","","","","100.84","","","","","","NA"
"-79.91","43.29","HAMILTON RBG CS","6153301","2020-03-17 22:00","2020","03","17","22:00","","M","","M","46","","","M","28","","11","","","","100.90","","","","","","NA"
"-79.91","43.29","HAMILTON RBG CS","6153301","2020-03-17 23:00","2020","03","17","23:00","","M","","M","50","","","M","28","","11","","","","100.98","","","","","","NA"
"-79.91","43.29","HAMILTON RBG CS","6153301","2020-03-18 00:00","2020","03","18","00:00","","M","","M","56","","","M","29","","6","","","","101.08","","","","","","NA"
"-79.91","43.29","HAMILTON RBG CS","6153301","2020-03-18 01:00","2020","03","18","01:00","","M","","M","61","","","M","30","","3","","","","101.18","","","","","","NA"
"-79.91","43.29","HAMILTON RBG CS","6153301","2020-03-18 02:00","2020","03","18","02:00","","M","","M","68","","","M","28","","6","","","","101.28","","","","","","NA"
"-79.91","43.29","HAMILTON RBG CS","6153301","2020-03-18 03:00","2020","03","18","03:00","","M","","M","72","","","M","","","0","","","","101.34","","","","","","NA"
"-79.91","43.29","HAMILTON RBG CS","6153301","2020-03-18 04:00","2020","03","18","04:00","","M","","M","79","","","M","27","","3","","","","101.44","","","","","","NA"
"-79.91","43.29","HAMILTON RBG CS","6153301","2020-03-18 05:00","2020","03","18","05:00","","M","","M","85","","","M","","","0","","","","101.47","","","","","","NA"
"-79.91","43.29","HAMILTON RBG CS","6153301","2020-03-18 06:00","2020","03","18","06:00","","M","","M","86","","","M","","","0","","","","101.56","","","","","","NA"
"-79.91","43.29","HAMILTON RBG CS","6153301","2020-03-18 07:00","2020","03","18","07:00","","M","","M","85","","","M","","","0","","","","101.58","","","","","","NA"
"-79.91","43.29","HAMILTON RBG CS","6153301","2020-03-18 08:00","2020","03","18","08:00","","M","","M","84","","","M","","","0","","","","101.62","","","","","","NA"
"-79.91","43.29","HAMILTON RBG CS","6153301","2020-03-18 09:00","2020","03","18","09:00","","M","","M","84","","","M","","","0","","","","101.66","","","","","","NA"
"-79.91","43.29","HAMILTON RBG CS","6153301","2020-03-18 10:00","2020","03","18","10:00","","M","","M","85","","","M","","","0","","","","101.70","","","","","","NA"
"-79.91","43.29","HAMILTON RBG CS","6153301","2020-03-18 11:00","2020","03","18","11:00","","M","","M","84","","","M","","","0","","","","101.71","","","","","","NA"
"-79.91","43.29","HAMILTON RBG CS","6153301","2020-03-18 12:00","2020","03","18","12:00","","M","","M","86","","","M","5","","5","","","","101.75","","","","","","NA"
"-79.91","43.29","HAMILTON RBG CS","6153301","2020-03-18 13:00","2020","03","18","13:00","","M","","M","67","","","M","7","","10","","","","101.79","","","","","","NA"
"-79.91","43.29","HAMILTON RBG CS","6153301","2020-03-18 14:00","2020","03","18","14:00","","M","","M","59","","","M","9","","13","","","","101.78","","","","","","NA"
"-79.91","43.29","HAMILTON RBG CS","6153301","2020-03-18 15:00","2020","03","18","15:00","","M","","M","60","","","M","9","","11","","","","101.79","","","","","","NA"
"-79.91","43.29","HAMILTON RBG CS","6153301","2020-03-18 16:00","2020","03","18","16:00","","M","","M","59","","","M","8","","10","","","","101.74","","","","","","NA"
"-79.91","43.29","HAMILTON RBG CS","6153301","2020-03-18 17:00","2020","03","18","17:00","","M","","M","58","","","M","9","","10","","","","101.60","","","","","","NA"
"-79.91","43.29","HAMILTON RBG CS","6153301","2020-03-18 18:00","2020","03","18","18:00","","M","","M","56","","","M","8","","12","","","","101.53","","","","","","NA"
"-79.91","43.29","HAMILTON RBG CS","6153301","2020-03-18 19:00","2020","03","18","19:00","","M","","M","62","","","M","8","","11","","","","101.43","","","","","","NA"
"-79.91","43.29","HAMILTON RBG CS","6153301","2020-03-18 20:00","2020","03","18","20:00","","M","","M","60","","","M","8","","13","","","","101.34","","","","","","NA"
"-79.91","43.29","HAMILTON RBG CS","6153301","2020-03-18 21:00","2020","03","18","21:00","","M","","M","66","","","M","8","","13","","","","101.20","","","","","","NA"
"-79.91","43.29","HAMILTON RBG CS","6153301","2020-03-18 22:00","2020","03","18","22:00","","M","","M","73","","","M","7","","12","","","","101.17","","","","","","NA"
"-79.91","43.29","HAMILTON RBG CS","6153301","2020-03-18 23:00","2020","03","18","23:00","","M","","M","78","","","M","7","","11","","","","101.16","","","","","","NA"
"-79.91","43.29","HAMILTON RBG CS","6153301","2020-03-19 00:00","2020","03","19","00:00","","M","","M","82","","","M","7","","11","","","","101.06","","","","","","NA"
"-79.91","43.29","HAMILTON RBG CS","6153301","2020-03-19 01:00","2020","03","19","01:00","","M","","M","90","","","M","7","","10","","","","101.03","","","","","","NA"
"-79.91","43.29","HAMILTON RBG CS","6153301","2020-03-19 02:00","2020","03","19","02:00","","M","","M","94","","","M","6","","11","","","","100.98","","","","","","NA"
"-79.91","43.29","HAMILTON RBG CS","6153301","2020-03-19 03:00","2020","03","19","03:00","","M","","M","95","","","M","6","","11","","","","100.92","","","","","","NA"
"-79.91","43.29","HAMILTON RBG CS","6153301","2020-03-19 04:00","2020","03","19","04:00","","M","","M","93","","","M","6","","12","","","","100.89","","","","","","NA"
"-79.91","43.29","HAMILTON RBG CS","6153301","2020-03-19 05:00","2020","03","19","05:00","","M","","M","91","","","M","8","","10","","","","100.88","","","","","","NA"
"-79.91","43.29","HAMILTON RBG CS","6153301","2020-03-19 06:00","2020","03","19","06:00","","M","","M","93","","","M","7","","10","","","","100.88","","","","","","NA"
"-79.91","43.29","HAMILTON RBG CS","6153301","2020-03-19 07:00","2020","03","19","07:00","","M","","M","89","","","M","6","","10","","","","100.87","","","","","","NA"
"-79.91","43.29","HAMILTON RBG CS","6153301","2020-03-19 08:00","2020","03","19","08:00","","M","","M","89","","","M","7","","8","","","","100.76","","","","","","NA"
"-79.91","43.29","HAMILTON RBG CS","6153301","2020-03-19 09:00","2020","03","19","09:00","","M","","M","89","","","M","4","","7","","","","100.90","","","","","","NA"
"-79.91","43.29","HAMILTON RBG CS","6153301","2020-03-19 10:00","2020","03","19","10:00","","M","","M","88","","","M","7","","8","","","","100.83","","","","","","NA"
"-79.91","43.29","HAMILTON RBG CS","6153301","2020-03-19 11:00","2020","03","19","11:00","","M","","M","87","","","M","","","0","","","","101.04","","","","","","NA"
"-79.91","43.29","HAMILTON RBG CS","6153301","2020-03-19 12:00","2020","03","19","12:00","","M","","M","87","","","M","5","","6","","","","100.99","","","","","","NA"
"-79.91","43.29","HAMILTON RBG CS","6153301","2020-03-19 13:00","2020","03","19","13:00","","M","","M","84","","","M","","","0","","","","101.04","","","","","","NA"
"-79.91","43.29","HAMILTON RBG CS","6153301","2020-03-19 14:00","2020","03","19","14:00","","M","","M","82","","","M","10","","6","","","","101.06","","","","","","NA"
"-79.91","43.29","HAMILTON RBG CS","6153301","2020-03-19 15:00","2020","03","19","15:00","","M","","M","83","","","M","8","","14","","","","101.01","","","","","","NA"
"-79.91","43.29","HAMILTON RBG CS","6153301","2020-03-19 16:00","2020","03","19","16:00","","M","","M","83","","","M","9","","8","","","","100.98","","","","","","NA"
"-79.91","43.29","HAMILTON RBG CS","6153301","2020-03-19 17:00","2020","03","19","17:00","","M","","M","84","","","M","12","","8","","","","100.96","","","","","","NA"
"-79.91","43.29","HAMILTON RBG CS","6153301","2020-03-19 18:00","2020","03","19","18:00","","M","","M","85","","","M","12","","6","","","","100.91","","","","","","NA"
"-79.91","43.29","HAMILTON RBG CS","6153301","2020-03-19 19:00","2020","03","19","19:00","","M","","M","88","","","M","12","","8","","","","100.87","","","","","","NA"
"-79.91","43.29","HAMILTON RBG CS","6153301","2020-03-19 20:00","2020","03","19","20:00","","M","","M","92","","","M","8","","10","","","","100.80","","","","","","NA"
"-79.91","43.29","HAMILTON RBG CS","6153301","2020-03-19 21:00","2020","03","19","21:00","","M","","M","94","","","M","8","","7","","","","100.77","","","","","","NA"
"-79.91","43.29","HAMILTON RBG CS","6153301","2020-03-19 22:00","2020","03","19","22:00","","M","","M","93","","","M","14","","4","","","","100.68","","","","","","NA"
"-79.91","43.29","HAMILTON RBG CS","6153301","2020-03-19 23:00","2020","03","19","23:00","","M","","M","95","","","M","","","0","","","","100.57","","","","","","NA"
"-79.91","43.29","HAMILTON RBG CS","6153301","2020-03-20 00:00","2020","03","20","00:00","","M","","M","97","","","M","9","","4","","","","100.44","","","","","","NA"
"-79.91","43.29","HAMILTON RBG CS","6153301","2020-03-20 01:00","2020","03","20","01:00","","M","","M","98","","","M","8","","6","","","","100.36","","","","","","NA"
"-79.91","43.29","HAMILTON RBG CS","6153301","2020-03-20 02:00","2020","03","20","02:00","","M","","M","98","","","M","11","","3","","","","100.17","","","","","","NA"
"-79.91","43.29","HAMILTON RBG CS","6153301","2020-03-20 03:00","2020","03","20","03:00","","M","","M","99","","","M","9","","5","","","","99.93","","","","","","NA"
"-79.91","43.29","HAMILTON RBG CS","6153301","2020-03-20 04:00","2020","03","20","04:00","","M","","M","100","","","M","","","0","","","","99.74","","","","","","NA"
"-79.91","43.29","HAMILTON RBG CS","6153301","2020-03-20 05:00","2020","03","20","05:00","","M","","M","100","","","M","","","0","","","","99.60","","","","","","NA"
"-79.91","43.29","HAMILTON RBG CS","6153301","2020-03-20 06:00","2020","03","20","06:00","","M","","M","100","","","M","29","","3","","","","99.49","","","","","","NA"
"-79.91","43.29","HAMILTON RBG CS","6153301","2020-03-20 07:00","2020","03","20","07:00","","M","","M","100","","","M","27","","7","","","","99.37","","","","","","NA"
"-79.91","43.29","HAMILTON RBG CS","6153301","2020-03-20 08:00","2020","03","20","08:00","","M","","M","99","","","M","26","","12","","","","99.26","","","","","","NA"
"-79.91","43.29","HAMILTON RBG CS","6153301","2020-03-20 09:00","2020","03","20","09:00","","M","","M","90","","","M","25","","15","","","","99.18","","","","","","NA"
"-79.91","43.29","HAMILTON RBG CS","6153301","2020-03-20 10:00","2020","03","20","10:00","","M","","M","88","","","M","24","","14","","","","99.16","","","","","","NA"
"-79.91","43.29","HAMILTON RBG CS","6153301","2020-03-20 11:00","2020","03","20","11:00","","M","","M","88","","","M","25","","15","","","","99.12","","","","","","NA"
"-79.91","43.29","HAMILTON RBG CS","6153301","2020-03-20 12:00","2020","03","20","12:00","","M","","M","88","","","M","25","","14","","","","99.06","","","","","","NA"
"-79.91","43.29","HAMILTON RBG CS","6153301","2020-03-20 13:00","2020","03","20","13:00","","M","","M","85","","","M","24","","10","","","","98.95","","","","","","NA"
"-79.91","43.29","HAMILTON RBG CS","6153301","2020-03-20 14:00","2020","03","20","14:00","","M","","M","84","","","M","24","","19","","","","98.91","","","","","","NA"
"-79.91","43.29","HAMILTON RBG CS","6153301","2020-03-20 15:00","2020","03","20","15:00","","M","","M","80","","","M","24","","21","","","","98.86","","","","","","NA"
"-79.91","43.29","HAMILTON RBG CS","6153301","2020-03-20 16:00","2020","03","20","16:00","","M","","M","84","","","M","28","","22","","","","99.14","","","","","","NA"
"-79.91","43.29","HAMILTON RBG CS","6153301","2020-03-20 17:00","2020","03","20","17:00","","M","","M","73","","","M","28","","25","","","","99.39","","","","","","NA"
"-79.91","43.29","HAMILTON RBG CS","6153301","2020-03-20 18:00","2020","03","20","18:00","","M","","M","73","","","M","28","","27","","","","99.59","","","","","","NA"
"-79.91","43.29","HAMILTON RBG CS","6153301","2020-03-20 19:00","2020","03","20","19:00","","M","","M","71","","","M","28","","26","","","","99.72","","","","","","NA"
"-79.91","43.29","HAMILTON RBG CS","6153301","2020-03-20 20:00","2020","03","20","20:00","","M","","M","75","","","M","29","","21","","","","99.97","","","","","","NA"
"-79.91","43.29","HAMILTON RBG CS","6153301","2020-03-20 21:00","2020","03","20","21:00","","M","","M","71","","","M","30","","17","","","","100.20","","","","","","NA"
"-79.91","43.29","HAMILTON RBG CS","6153301","2020-03-20 22:00","2020","03","20","22:00","","M","","M","76","","","M","30","","20","","","","100.47","","","","","","NA"
"-79.91","43.29","HAMILTON RBG CS","6153301","2020-03-20 23:00","2020","03","20","23:00","","M","","M","76","","","M","29","","22","","","","100.76","","","","","","NA"
"-79.91","43.29","HAMILTON RBG CS","6153301","2020-03-21 00:00","2020","03","21","00:00","","M","","M","76","","","M","30","","17","","","","100.92","","","","","","NA"
"-79.91","43.29","HAMILTON RBG CS","6153301","2020-03-21 01:00","2020","03","21","01:00","","M","","M","77","","","M","29","","16","","","","101.07","","","","","","NA"
"-79.91","43.29","HAMILTON RBG CS","6153301","2020-03-21 02:00","2020","03","21","02:00","","M","","M","74","","","M","31","","19","","","","101.21","","","","","","NA"
"-79.91","43.29","HAMILTON RBG CS","6153301","2020-03-21 03:00","2020","03","21","03:00","","M","","M","74","","","M","31","","9","","","","101.34","","","","","","NA"
"-79.91","43.29","HAMILTON RBG CS","6153301","2020-03-21 04:00","2020","03","21","04:00","","M","","M","69","","","M","34","","12","","","","101.46","","","","","","NA"
"-79.91","43.29","HAMILTON RBG CS","6153301","2020-03-21 05:00","2020","03","21","05:00","","M","","M","68","","","M","31","","8","","","","101.59","","","","","","NA"
"-79.91","43.29","HAMILTON RBG CS","6153301","2020-03-21 06:00","2020","03","21","06:00","","M","","M","70","","","M","33","","5","","","","101.63","","","","","","NA"
"-79.91","43.29","HAMILTON RBG CS","6153301","2020-03-21 07:00","2020","03","21","07:00","","M","","M","70","","","M","36","","3","","","","101.70","","","","","","NA"
"-79.91","43.29","HAMILTON RBG CS","6153301","2020-03-21 08:00","2020","03","21","08:00","","M","","M","72","","","M","33","","5","","","","101.73","","","","","","NA"
"-79.91","43.29","HAMILTON RBG CS","6153301","2020-03-21 09:00","2020","03","21","09:00","","M","","M","71","","","M","33","","6","","","","101.78","","","","","","NA"
"-79.91","43.29","HAMILTON RBG CS","6153301","2020-03-21 10:00","2020","03","21","10:00","","M","","M","73","","","M","3","","6","","","","101.84","","","","","","NA"
"-79.91","43.29","HAMILTON RBG CS","6153301","2020-03-21 11:00","2020","03","21","11:00","","M","","M","74","","","M","3","","5","","","","101.96","","","","","","NA"
"-79.91","43.29","HAMILTON RBG CS","6153301","2020-03-21 12:00","2020","03","21","12:00","","M","","M","69","","","M","2","","6","","","","102.07","","","","","","NA"
"-79.91","43.29","HAMILTON RBG CS","6153301","2020-03-21 13:00","2020","03","21","13:00","","M","","M","56","","","M","4","","11","","","","102.17","","","","","","NA"
"-79.91","43.29","HAMILTON RBG CS","6153301","2020-03-21 14:00","2020","03","21","14:00","","M","","M","51","","","M","6","","9","","","","102.23","","","","","","NA"
"-79.91","43.29","HAMILTON RBG CS","6153301","2020-03-21 15:00","2020","03","21","15:00","","M","","M","47","","","M","8","","10","","","","102.26","","","","","","NA"
"-79.91","43.29","HAMILTON RBG CS","6153301","2020-03-21 16:00","2020","03","21","16:00","","M","","M","57","","","M","14","","13","","","","102.26","","","","","","NA"
"-79.91","43.29","HAMILTON RBG CS","6153301","2020-03-21 17:00","2020","03","21","17:00","","M","","M","56","","","M","12","","12","","","","102.25","","","","","","NA"
"-79.91","43.29","HAMILTON RBG CS","6153301","2020-03-21 18:00","2020","03","21","18:00","","M","","M","56","","","M","13","","11","","","","102.19","","","","","","NA"
"-79.91","43.29","HAMILTON RBG CS","6153301","2020-03-21 19:00","2020","03","21","19:00","","M","","M","51","","","M","13","","9","","","","102.15","","","","","","NA"
"-79.91","43.29","HAMILTON RBG CS","6153301","2020-03-21 20:00","2020","03","21","20:00","","M","","M","47","","","M","13","","9","","","","102.15","","","","","","NA"
"-79.91","43.29","HAMILTON RBG CS","6153301","2020-03-21 21:00","2020","03","21","21:00","","M","","M","45","","","M","10","","7","","","","102.12","","","","","","NA"
"-79.91","43.29","HAMILTON RBG CS","6153301","2020-03-21 22:00","2020","03","21","22:00","","M","","M","45","","","M","8","","8","","","","102.14","","","","","","NA"
"-79.91","43.29","HAMILTON RBG CS","6153301","2020-03-21 23:00","2020","03","21","23:00","","M","","M","49","","","M","7","","9","","","","102.14","","","","","","NA"
"-79.91","43.29","HAMILTON RBG CS","6153301","2020-03-22 00:00","2020","03","22","00:00","","M","","M","55","","","M","5","","5","","","","102.20","","","","","","NA"
"-79.91","43.29","HAMILTON RBG CS","6153301","2020-03-22 01:00","2020","03","22","01:00","","M","","M","65","","","M","1","","4","","","","102.24","","","","","","NA"
"-79.91","43.29","HAMILTON RBG CS","6153301","2020-03-22 02:00","2020","03","22","02:00","","M","","M","66","","","M","3","","6","","","","102.29","","","","","","NA"
"-79.91","43.29","HAMILTON RBG CS","6153301","2020-03-22 03:00","2020","03","22","03:00","","M","","M","56","","","M","2","","4","","","","102.32","","","","","","NA"
"-79.91","43.29","HAMILTON RBG CS","6153301","2020-03-22 04:00","2020","03","22","04:00","","M","","M","56","","","M","1","","5","","","","102.35","","","","","","NA"
"-79.91","43.29","HAMILTON RBG CS","6153301","2020-03-22 05:00","2020","03","22","05:00","","M","","M","61","","","M","","","0","","","","102.37","","","","","","NA"
"-79.91","43.29","HAMILTON RBG CS","6153301","2020-03-22 06:00","2020","03","22","06:00","","M","","M","65","","","M","","","0","","","","102.43","","","","","","NA"
"-79.91","43.29","HAMILTON RBG CS","6153301","2020-03-22 07:00","2020","03","22","07:00","","M","","M","72","","","M","","","0","","","","102.43","","","","","","NA"
"-79.91","43.29","HAMILTON RBG CS","6153301","2020-03-22 08:00","2020","03","22","08:00","","M","","M","78","","","M","","","0","","","","102.36","","","","","","NA"
"-79.91","43.29","HAMILTON RBG CS","6153301","2020-03-22 09:00","2020","03","22","09:00","","M","","M","75","","","M","32","","3","","","","102.44","","","","","","NA"
"-79.91","43.29","HAMILTON RBG CS","6153301","2020-03-22 10:00","2020","03","22","10:00","","M","","M","79","","","M","","","0","","","","102.49","","","","","","NA"
"-79.91","43.29","HAMILTON RBG CS","6153301","2020-03-22 11:00","2020","03","22","11:00","","M","","M","83","","","M","","","0","","","","102.48","","","","","","NA"
"-79.91","43.29","HAMILTON RBG CS","6153301","2020-03-22 12:00","2020","03","22","12:00","","M","","M","84","","","M","","","0","","","","102.52","","","","","","NA"
"-79.91","43.29","HAMILTON RBG CS","6153301","2020-03-22 13:00","2020","03","22","13:00","","M","","M","62","","","M","9","","3","","","","102.55","","","","","","NA"
"-79.91","43.29","HAMILTON RBG CS","6153301","2020-03-22 14:00","2020","03","22","14:00","","M","","M","55","","","M","12","","9","","","","102.57","","","","","","NA"
"-79.91","43.29","HAMILTON RBG CS","6153301","2020-03-22 15:00","2020","03","22","15:00","","M","","M","57","","","M","9","","12","","","","102.66","","","","","","NA"
"-79.91","43.29","HAMILTON RBG CS","6153301","2020-03-22 16:00","2020","03","22","16:00","","M","","M","56","","","M","9","","15","","","","102.58","","","","","","NA"
"-79.91","43.29","HAMILTON RBG CS","6153301","2020-03-22 17:00","2020","03","22","17:00","","M","","M","51","","","M","9","","15","","","","102.54","","","","","","NA"
"-79.91","43.29","HAMILTON RBG CS","6153301","2020-03-22 18:00","2020","03","22","18:00","","M","","M","54","","","M","8","","18","","","","102.40","","","","","","NA"
"-79.91","43.29","HAMILTON RBG CS","6153301","2020-03-22 19:00","2020","03","22","19:00","","M","","M","56","","","M","8","","17","","","","102.30","","","","","","NA"
"-79.91","43.29","HAMILTON RBG CS","6153301","2020-03-22 20:00","2020","03","22","20:00","","M","","M","59","","","M","8","","13","","","","102.21","","","","","","NA"
"-79.91","43.29","HAMILTON RBG CS","6153301","2020-03-22 21:00","2020","03","22","21:00","","M","","M","61","","","M","8","","18","","","","102.14","","","","","","NA"
"-79.91","43.29","HAMILTON RBG CS","6153301","2020-03-22 22:00","2020","03","22","22:00","","M","","M","61","","","M","7","","18","","","","102.10","","","","","","NA"
"-79.91","43.29","HAMILTON RBG CS","6153301","2020-03-22 23:00","2020","03","22","23:00","","M","","M","66","","","M","7","","18","","","","102.03","","","","","","NA"
"-79.91","43.29","HAMILTON RBG CS","6153301","2020-03-23 00:00","2020","03","23","00:00","","M","","M","70","","","M","7","","15","","","","101.93","","","","","","NA"
"-79.91","43.29","HAMILTON RBG CS","6153301","2020-03-23 01:00","2020","03","23","01:00","","M","","M","73","","","M","7","","15","","","","101.85","","","","","","NA"
"-79.91","43.29","HAMILTON RBG CS","6153301","2020-03-23 02:00","2020","03","23","02:00","","M","","M","75","","","M","7","","15","","","","101.79","","","","","","NA"
"-79.91","43.29","HAMILTON RBG CS","6153301","2020-03-23 03:00","2020","03","23","03:00","","M","","M","74","","","M","7","","15","","","","101.68","","","","","","NA"
"-79.91","43.29","HAMILTON RBG CS","6153301","2020-03-23 04:00","2020","03","23","04:00","","M","","M","68","","","M","7","","11","","","","101.59","","","","","","NA"
"-79.91","43.29","HAMILTON RBG CS","6153301","2020-03-23 05:00","2020","03","23","05:00","","M","","M","68","","","M","8","","7","","","","101.55","","","","","","NA"
"-79.91","43.29","HAMILTON RBG CS","6153301","2020-03-23 06:00","2020","03","23","06:00","","M","","M","81","","","M","5","","7","","","","101.46","","","","","","NA"
"-79.91","43.29","HAMILTON RBG CS","6153301","2020-03-23 07:00","2020","03","23","07:00","","M","","M","93","","","M","6","","5","","","","101.36","","","","","","NA"
"-79.91","43.29","HAMILTON RBG CS","6153301","2020-03-23 08:00","2020","03","23","08:00","","M","","M","98","","","M","6","","7","","","","101.18","","","","","","NA"
"-79.91","43.29","HAMILTON RBG CS","6153301","2020-03-23 09:00","2020","03","23","09:00","","M","","M","99","","","M","5","","6","","","","101.08","","","","","","NA"
"-79.91","43.29","HAMILTON RBG CS","6153301","2020-03-23 10:00","2020","03","23","10:00","","M","","M","100","","","M","7","","6","","","","101.02","","","","","","NA"
"-79.91","43.29","HAMILTON RBG CS","6153301","2020-03-23 11:00","2020","03","23","11:00","","M","","M","100","","","M","7","","8","","","","100.96","","","","","","NA"
"-79.91","43.29","HAMILTON RBG CS","6153301","2020-03-23 12:00","2020","03","23","12:00","","M","","M","100","","","M","7","","7","","","","100.91","","","","","","NA"
"-79.91","43.29","HAMILTON RBG CS","6153301","2020-03-23 13:00","2020","03","23","13:00","","M","","M","100","","","M","4","","7","","","","100.88","","","","","","NA"
"-79.91","43.29","HAMILTON RBG CS","6153301","2020-03-23 14:00","2020","03","23","14:00","","M","","M","100","","","M","3","","5","","","","100.86","","","","","","NA"
"-79.91","43.29","HAMILTON RBG CS","6153301","2020-03-23 15:00","2020","03","23","15:00","","M","","M","100","","","M","5","","5","","","","100.81","","","","","","NA"
"-79.91","43.29","HAMILTON RBG CS","6153301","2020-03-23 16:00","2020","03","23","16:00","","M","","M","100","","","M","4","","6","","","","100.75","","","","","","NA"
"-79.91","43.29","HAMILTON RBG CS","6153301","2020-03-23 17:00","2020","03","23","17:00","","M","","M","100","","","M","7","","3","","","","100.69","","","","","","NA"
"-79.91","43.29","HAMILTON RBG CS","6153301","2020-03-23 18:00","2020","03","23","18:00","","M","","M","99","","","M","4","","3","","","","100.64","","","","","","NA"
"-79.91","43.29","HAMILTON RBG CS","6153301","2020-03-23 19:00","2020","03","23","19:00","","M","","M","98","","","M","5","","5","","","","100.54","","","","","","NA"
"-79.91","43.29","HAMILTON RBG CS","6153301","2020-03-23 20:00","2020","03","23","20:00","","M","","M","94","","","M","4","","4","","","","100.52","","","","","","NA"
"-79.91","43.29","HAMILTON RBG CS","6153301","2020-03-23 21:00","2020","03","23","21:00","","M","","M","93","","","M","3","","4","","","","100.54","","","","","","NA"
"-79.91","43.29","HAMILTON RBG CS","6153301","2020-03-23 22:00","2020","03","23","22:00","","M","","M","94","","","M","34","","5","","","","100.57","","","","","","NA"
"-79.91","43.29","HAMILTON RBG CS","6153301","2020-03-23 23:00","2020","03","23","23:00","","M","","M","95","","","M","3","","3","","","","100.60","","","","","","NA"
"-79.91","43.29","HAMILTON RBG CS","6153301","2020-03-24 00:00","2020","03","24","00:00","","M","","M","97","","","M","30","","4","","","","100.68","","","","","","NA"
"-79.91","43.29","HAMILTON RBG CS","6153301","2020-03-24 01:00","2020","03","24","01:00","","M","","M","96","","","M","","","0","","","","100.73","","","","","","NA"
"-79.91","43.29","HAMILTON RBG CS","6153301","2020-03-24 02:00","2020","03","24","02:00","","M","","M","98","","","M","29","","3","","","","100.80","","","","","","NA"
"-79.91","43.29","HAMILTON RBG CS","6153301","2020-03-24 03:00","2020","03","24","03:00","","M","","M","99","","","M","","","0","","","","100.80","","","","","","NA"
"-79.91","43.29","HAMILTON RBG CS","6153301","2020-03-24 04:00","2020","03","24","04:00","","M","","M","99","","","M","","","0","","","","100.81","","","","","","NA"
"-79.91","43.29","HAMILTON RBG CS","6153301","2020-03-24 05:00","2020","03","24","05:00","","M","","M","99","","","M","","","0","","","","100.80","","","","","","NA"
"-79.91","43.29","HAMILTON RBG CS","6153301","2020-03-24 06:00","2020","03","24","06:00","","M","","M","96","","","M","29","","5","","","","100.88","","","","","","NA"
"-79.91","43.29","HAMILTON RBG CS","6153301","2020-03-24 07:00","2020","03","24","07:00","","M","","M","89","","","M","30","","7","","","","100.94","","","","","","NA"
"-79.91","43.29","HAMILTON RBG CS","6153301","2020-03-24 08:00","2020","03","24","08:00","","M","","M","95","","","M","29","","6","","","","100.90","","","","","","NA"
"-79.91","43.29","HAMILTON RBG CS","6153301","2020-03-24 09:00","2020","03","24","09:00","","M","","M","97","","","M","29","","3","","","","100.98","","","","","","NA"
"-79.91","43.29","HAMILTON RBG CS","6153301","2020-03-24 10:00","2020","03","24","10:00","","M","","M","94","","","M","31","","3","","","","101.01","","","","","","NA"
"-79.91","43.29","HAMILTON RBG CS","6153301","2020-03-24 11:00","2020","03","24","11:00","","M","","M","94","","","M","","","0","","","","101.01","","","","","","NA"
"-79.91","43.29","HAMILTON RBG CS","6153301","2020-03-24 12:00","2020","03","24","12:00","","M","","M","97","","","M","","","0","","","","101.07","","","","","","NA"
"-79.91","43.29","HAMILTON RBG CS","6153301","2020-03-24 13:00","2020","03","24","13:00","","M","","M","95","","","M","","","0","","","","101.08","","","","","","NA"
"-79.91","43.29","HAMILTON RBG CS","6153301","2020-03-24 14:00","2020","03","24","14:00","","M","","M","74","","","M","8","","3","","","","101.10","","","","","","NA"
"-79.91","43.29","HAMILTON RBG CS","6153301","2020-03-24 15:00","2020","03","24","15:00","","M","","M","74","","","M","11","","5","","","","101.12","","","","","","NA"
"-79.91","43.29","HAMILTON RBG CS","6153301","2020-03-24 16:00","2020","03","24","16:00","","M","","M","78","","","M","12","","7","","","","101.07","","","","","","NA"
"-79.91","43.29","HAMILTON RBG CS","6153301","2020-03-24 17:00","2020","03","24","17:00","","M","","M","77","","","M","7","","12","","","","101.05","","","","","","NA"
"-79.91","43.29","HAMILTON RBG CS","6153301","2020-03-24 18:00","2020","03","24","18:00","","M","","M","78","","","M","7","","10","","","","100.99","","","","","","NA"
"-79.91","43.29","HAMILTON RBG CS","6153301","2020-03-24 19:00","2020","03","24","19:00","","M","","M","77","","","M","8","","10","","","","100.94","","","","","","NA"
"-79.91","43.29","HAMILTON RBG CS","6153301","2020-03-24 20:00","2020","03","24","20:00","","M","","M","82","","","M","11","","5","","","","100.91","","","","","","NA"
"-79.91","43.29","HAMILTON RBG CS","6153301","2020-03-24 21:00","2020","03","24","21:00","","M","","M","80","","","M","9","","6","","","","100.90","","","","","","NA"
"-79.91","43.29","HAMILTON RBG CS","6153301","2020-03-24 22:00","2020","03","24","22:00","","M","","M","75","","","M","8","","7","","","","100.86","","","","","","NA"
"-79.91","43.29","HAMILTON RBG CS","6153301","2020-03-24 23:00","2020","03","24","23:00","","M","","M","78","","","M","10","","6","","","","100.87","","","","","","NA"
"-79.91","43.29","HAMILTON RBG CS","6153301","2020-03-25 00:00","2020","03","25","00:00","","M","","M","90","","","M","8","","5","","","","100.84","","","","","","NA"
"-79.91","43.29","HAMILTON RBG CS","6153301","2020-03-25 01:00","2020","03","25","01:00","","M","","M","87","","","M","9","","4","","","","100.84","","","","","","NA"
"-79.91","43.29","HAMILTON RBG CS","6153301","2020-03-25 02:00","2020","03","25","02:00","","M","","M","91","","","M","8","","6","","","","100.78","","","","","","NA"
"-79.91","43.29","HAMILTON RBG CS","6153301","2020-03-25 03:00","2020","03","25","03:00","","M","","M","85","","","M","7","","8","","","","100.68","","","","","","NA"
"-79.91","43.29","HAMILTON RBG CS","6153301","2020-03-25 04:00","2020","03","25","04:00","","M","","M","80","","","M","9","","8","","","","100.60","","","","","","NA"
"-79.91","43.29","HAMILTON RBG CS","6153301","2020-03-25 05:00","2020","03","25","05:00","","M","","M","87","","","M","8","","12","","","","100.49","","","","","","NA"
"-79.91","43.29","HAMILTON RBG CS","6153301","2020-03-25 06:00","2020","03","25","06:00","","M","","M","86","","","M","8","","11","","","","100.46","","","","","","NA"
"-79.91","43.29","HAMILTON RBG CS","6153301","2020-03-25 07:00","2020","03","25","07:00","","M","","M","84","","","M","7","","11","","","","100.39","","","","","","NA"
"-79.91","43.29","HAMILTON RBG CS","6153301","2020-03-25 08:00","2020","03","25","08:00","","M","","M","83","","","M","7","","9","","","","100.31","","","","","","NA"
"-79.91","43.29","HAMILTON RBG CS","6153301","2020-03-25 09:00","2020","03","25","09:00","","M","","M","82","","","M","6","","10","","","","100.27","","","","","","NA"
"-79.91","43.29","HAMILTON RBG CS","6153301","2020-03-25 10:00","2020","03","25","10:00","","M","","M","84","","","M","6","","7","","","","100.24","","","","","","NA"
"-79.91","43.29","HAMILTON RBG CS","6153301","2020-03-25 11:00","2020","03","25","11:00","","M","","M","85","","","M","7","","8","","","","100.24","","","","","","NA"
"-79.91","43.29","HAMILTON RBG CS","6153301","2020-03-25 12:00","2020","03","25","12:00","","M","","M","88","","","M","5","","6","","","","100.27","","","","","","NA"
"-79.91","43.29","HAMILTON RBG CS","6153301","2020-03-25 13:00","2020","03","25","13:00","","M","","M","85","","","M","7","","10","","","","100.29","","","","","","NA"
"-79.91","43.29","HAMILTON RBG CS","6153301","2020-03-25 14:00","2020","03","25","14:00","","M","","M","77","","","M","9","","7","","","","100.32","","","","","","NA"
"-79.91","43.29","HAMILTON RBG CS","6153301","2020-03-25 15:00","2020","03","25","15:00","","M","","M","79","","","M","14","","9","","","","100.28","","","","","","NA"
"-79.91","43.29","HAMILTON RBG CS","6153301","2020-03-25 16:00","2020","03","25","16:00","","M","","M","77","","","M","13","","7","","","","100.28","","","","","","NA"
"-79.91","43.29","HAMILTON RBG CS","6153301","2020-03-25 17:00","2020","03","25","17:00","","M","","M","75","","","M","14","","8","","","","100.21","","","","","","NA"
"-79.91","43.29","HAMILTON RBG CS","6153301","2020-03-25 18:00","2020","03","25","18:00","","M","","M","75","","","M","14","","9","","","","100.20","","","","","","NA"
"-79.91","43.29","HAMILTON RBG CS","6153301","2020-03-25 19:00","2020","03","25","19:00","","M","","M","75","","","M","12","","7","","","","100.15","","","","","","NA"
"-79.91","43.29","HAMILTON RBG CS","6153301","2020-03-25 20:00","2020","03","25","20:00","","M","","M","73","","","M","9","","9","","","","100.14","","","","","","NA"
"-79.91","43.29","HAMILTON RBG CS","6153301","2020-03-25 21:00","2020","03","25","21:00","","M","","M","75","","","M","9","","10","","","","100.11","","","","","","NA"
"-79.91","43.29","HAMILTON RBG CS","6153301","2020-03-25 22:00","2020","03","25","22:00","","M","","M","76","","","M","9","","8","","","","100.12","","","","","","NA"
"-79.91","43.29","HAMILTON RBG CS","6153301","2020-03-25 23:00","2020","03","25","23:00","","M","","M","76","","","M","8","","8","","","","100.13","","","","","","NA"
"-79.91","43.29","HAMILTON RBG CS","6153301","2020-03-26 00:00","2020","03","26","00:00","","M","","M","81","","","M","5","","5","","","","100.15","","","","","","NA"
"-79.91","43.29","HAMILTON RBG CS","6153301","2020-03-26 01:00","2020","03","26","01:00","","M","","M","87","","","M","","","0","","","","100.15","","","","","","NA"
"-79.91","43.29","HAMILTON RBG CS","6153301","2020-03-26 02:00","2020","03","26","02:00","","M","","M","93","","","M","","","0","","","","100.18","","","","","","NA"
"-79.91","43.29","HAMILTON RBG CS","6153301","2020-03-26 03:00","2020","03","26","03:00","","M","","M","93","","","M","","","0","","","","100.16","","","","","","NA"
"-79.91","43.29","HAMILTON RBG CS","6153301","2020-03-26 04:00","2020","03","26","04:00","","M","","M","96","","","M","","","0","","","","100.11","","","","","","NA"
"-79.91","43.29","HAMILTON RBG CS","6153301","2020-03-26 05:00","2020","03","26","05:00","","M","","M","98","","","M","","","0","","","","100.14","","","","","","NA"
"-79.91","43.29","HAMILTON RBG CS","6153301","2020-03-26 06:00","2020","03","26","06:00","","M","","M","99","","","M","","","0","","","","100.09","","","","","","NA"
"-79.91","43.29","HAMILTON RBG CS","6153301","2020-03-26 07:00","2020","03","26","07:00","","M","","M","100","","","M","","","0","","","","100.07","","","","","","NA"
"-79.91","43.29","HAMILTON RBG CS","6153301","2020-03-26 08:00","2020","03","26","08:00","","M","","M","96","","","M","29","","6","","","","99.98","","","","","","NA"
"-79.91","43.29","HAMILTON RBG CS","6153301","2020-03-26 09:00","2020","03","26","09:00","","M","","M","93","","","M","29","","6","","","","99.95","","","","","","NA"
"-79.91","43.29","HAMILTON RBG CS","6153301","2020-03-26 10:00","2020","03","26","10:00","","M","","M","91","","","M","29","","5","","","","99.93","","","","","","NA"
"-79.91","43.29","HAMILTON RBG CS","6153301","2020-03-26 11:00","2020","03","26","11:00","","M","","M","92","","","M","29","","3","","","","99.90","","","","","","NA"
"-79.91","43.29","HAMILTON RBG CS","6153301","2020-03-26 12:00","2020","03","26","12:00","","M","","M","92","","","M","","","0","","","","99.93","","","","","","NA"
"-79.91","43.29","HAMILTON RBG CS","6153301","2020-03-26 13:00","2020","03","26","13:00","","M","","M","86","","","M","28","","5","","","","99.82","","","","","","NA"
"-79.91","43.29","HAMILTON RBG CS","6153301","2020-03-26 14:00","2020","03","26","14:00","","M","","M","72","","","M","22","","9","","","","99.73","","","","","","NA"
"-79.91","43.29","HAMILTON RBG CS","6153301","2020-03-26 15:00","2020","03","26","15:00","","M","","M","67","","","M","23","","10","","","","99.73","","","","","","NA"
"-79.91","43.29","HAMILTON RBG CS","6153301","2020-03-26 16:00","2020","03","26","16:00","","M","","M","58","","","M","25","","13","","","","99.63","","","","","","NA"
"-79.91","43.29","HAMILTON RBG CS","6153301","2020-03-26 17:00","2020","03","26","17:00","","M","","M","62","","","M","25","","18","","","","99.52","","","","","","NA"
"-79.91","43.29","HAMILTON RBG CS","6153301","2020-03-26 18:00","2020","03","26","18:00","","M","","M","62","","","M","25","","15","","","","99.56","","","","","","NA"
"-79.91","43.29","HAMILTON RBG CS","6153301","2020-03-26 19:00","2020","03","26","19:00","","M","","M","65","","","M","27","","16","","","","99.54","","","","","","NA"
"-79.91","43.29","HAMILTON RBG CS","6153301","2020-03-26 20:00","2020","03","26","20:00","","M","","M","68","","","M","28","","14","","","","99.55","","","","","","NA"
"-79.91","43.29","HAMILTON RBG CS","6153301","2020-03-26 21:00","2020","03","26","21:00","","M","","M","71","","","M","29","","12","","","","99.56","","","","","","NA"
"-79.91","43.29","HAMILTON RBG CS","6153301","2020-03-26 22:00","2020","03","26","22:00","","M","","M","75","","","M","31","","10","","","","99.61","","","","","","NA"
"-79.91","43.29","HAMILTON RBG CS","6153301","2020-03-26 23:00","2020","03","26","23:00","","M","","M","75","","","M","27","","7","","","","99.64","","","","","","NA"
"-79.91","43.29","HAMILTON RBG CS","6153301","2020-03-27 00:00","2020","03","27","00:00","","M","","M","74","","","M","31","","6","","","","99.74","","","","","","NA"
"-79.91","43.29","HAMILTON RBG CS","6153301","2020-03-27 01:00","2020","03","27","01:00","","M","","M","75","","","M","33","","4","","","","99.75","","","","","","NA"
"-79.91","43.29","HAMILTON RBG CS","6153301","2020-03-27 02:00","2020","03","27","02:00","","M","","M","81","","","M","3","","4","","","","99.82","","","","","","NA"
"-79.91","43.29","HAMILTON RBG CS","6153301","2020-03-27 03:00","2020","03","27","03:00","","M","","M","83","","","M","","","0","","","","99.85","","","","","","NA"
"-79.91","43.29","HAMILTON RBG CS","6153301","2020-03-27 04:00","2020","03","27","04:00","","M","","M","84","","","M","4","","4","","","","99.90","","","","","","NA"
"-79.91","43.29","HAMILTON RBG CS","6153301","2020-03-27 05:00","2020","03","27","05:00","","M","","M","84","","","M","3","","8","","","","99.95","","","","","","NA"
"-79.91","43.29","HAMILTON RBG CS","6153301","2020-03-27 06:00","2020","03","27","06:00","","M","","M","85","","","M","4","","8","","","","100.03","","","","","","NA"
"-79.91","43.29","HAMILTON RBG CS","6153301","2020-03-27 07:00","2020","03","27","07:00","","M","","M","84","","","M","4","","6","","","","100.04","","","","","","NA"
"-79.91","43.29","HAMILTON RBG CS","6153301","2020-03-27 08:00","2020","03","27","08:00","","M","","M","84","","","M","2","","3","","","","100.04","","","","","","NA"
"-79.91","43.29","HAMILTON RBG CS","6153301","2020-03-27 09:00","2020","03","27","09:00","","M","","M","87","","","M","4","","4","","","","100.06","","","","","","NA"
"-79.91","43.29","HAMILTON RBG CS","6153301","2020-03-27 10:00","2020","03","27","10:00","","M","","M","87","","","M","4","","5","","","","100.12","","","","","","NA"
"-79.91","43.29","HAMILTON RBG CS","6153301","2020-03-27 11:00","2020","03","27","11:00","","M","","M","84","","","M","5","","5","","","","100.17","","","","","","NA"
"-79.91","43.29","HAMILTON RBG CS","6153301","2020-03-27 12:00","2020","03","27","12:00","","M","","M","83","","","M","4","","5","","","","100.29","","","","","","NA"
"-79.91","43.29","HAMILTON RBG CS","6153301","2020-03-27 13:00","2020","03","27","13:00","","M","","M","82","","","M","36","","4","","","","100.40","","","","","","NA"
"-79.91","43.29","HAMILTON RBG CS","6153301","2020-03-27 14:00","2020","03","27","14:00","","M","","M","80","","","M","","","0","","","","100.42","","","","","","NA"
"-79.91","43.29","HAMILTON RBG CS","6153301","2020-03-27 15:00","2020","03","27","15:00","","M","","M","77","","","M","3","","6","","","","100.44","","","","","","NA"
"-79.91","43.29","HAMILTON RBG CS","6153301","2020-03-27 16:00","2020","03","27","16:00","","M","","M","76","","","M","13","","7","","","","100.43","","","","","","NA"
"-79.91","43.29","HAMILTON RBG CS","6153301","2020-03-27 17:00","2020","03","27","17:00","","M","","M","70","","","M","12","","7","","","","100.41","","","","","","NA"
"-79.91","43.29","HAMILTON RBG CS","6153301","2020-03-27 18:00","2020","03","27","18:00","","M","","M","66","","","M","14","","6","","","","100.42","","","","","","NA"
"-79.91","43.29","HAMILTON RBG CS","6153301","2020-03-27 19:00","2020","03","27","19:00","","M","","M","65","","","M","12","","8","","","","100.34","","","","","","NA"
"-79.91","43.29","HAMILTON RBG CS","6153301","2020-03-27 20:00","2020","03","27","20:00","","M","","M","65","","","M","9","","9","","","","100.34","","","","","","NA"
"-79.91","43.29","HAMILTON RBG CS","6153301","2020-03-27 21:00","2020","03","27","21:00","","M","","M","65","","","M","12","","9","","","","100.29","","","","","","NA"
"-79.91","43.29","HAMILTON RBG CS","6153301","2020-03-27 22:00","2020","03","27","22:00","","M","","M","63","","","M","11","","7","","","","100.42","","","","","","NA"
"-79.91","43.29","HAMILTON RBG CS","6153301","2020-03-27 23:00","2020","03","27","23:00","","M","","M","66","","","M","8","","9","","","","100.44","","","","","","NA"
"-79.91","43.29","HAMILTON RBG CS","6153301","2020-03-28 00:00","2020","03","28","00:00","","M","","M","75","","","M","5","","5","","","","100.47","","","","","","NA"
"-79.91","43.29","HAMILTON RBG CS","6153301","2020-03-28 01:00","2020","03","28","01:00","","M","","M","81","","","M","","","0","","","","100.48","","","","","","NA"
"-79.91","43.29","HAMILTON RBG CS","6153301","2020-03-28 02:00","2020","03","28","02:00","","M","","M","85","","","M","2","","3","","","","100.49","","","","","","NA"
"-79.91","43.29","HAMILTON RBG CS","6153301","2020-03-28 03:00","2020","03","28","03:00","","M","","M","87","","","M","","","0","","","","100.52","","","","","","NA"
"-79.91","43.29","HAMILTON RBG CS","6153301","2020-03-28 04:00","2020","03","28","04:00","","M","","M","84","","","M","7","","5","","","","100.45","","","","","","NA"
"-79.91","43.29","HAMILTON RBG CS","6153301","2020-03-28 05:00","2020","03","28","05:00","","M","","M","84","","","M","6","","4","","","","100.45","","","","","","NA"
"-79.91","43.29","HAMILTON RBG CS","6153301","2020-03-28 06:00","2020","03","28","06:00","","M","","M","87","","","M","6","","3","","","","100.36","","","","","","NA"
"-79.91","43.29","HAMILTON RBG CS","6153301","2020-03-28 07:00","2020","03","28","07:00","","M","","M","87","","","M","6","","6","","","","100.29","","","","","","NA"
"-79.91","43.29","HAMILTON RBG CS","6153301","2020-03-28 08:00","2020","03","28","08:00","","M","","M","88","","","M","7","","7","","","","100.20","","","","","","NA"
"-79.91","43.29","HAMILTON RBG CS","6153301","2020-03-28 09:00","2020","03","28","09:00","","M","","M","87","","","M","6","","9","","","","100.09","","","","","","NA"
"-79.91","43.29","HAMILTON RBG CS","6153301","2020-03-28 10:00","2020","03","28","10:00","","M","","M","85","","","M","6","","11","","","","100.13","","","","","","NA"
"-79.91","43.29","HAMILTON RBG CS","6153301","2020-03-28 11:00","2020","03","28","11:00","","M","","M","86","","","M","7","","10","","","","100.07","","","","","","NA"
"-79.91","43.29","HAMILTON RBG CS","6153301","2020-03-28 12:00","2020","03","28","12:00","","M","","M","87","","","M","6","","9","","","","100.18","","","","","","NA"
"-79.91","43.29","HAMILTON RBG CS","6153301","2020-03-28 13:00","2020","03","28","13:00","","M","","M","93","","","M","6","","11","","","","100.14","","","","","","NA"
"-79.91","43.29","HAMILTON RBG CS","6153301","2020-03-28 14:00","2020","03","28","14:00","","M","","M","94","","","M","6","","11","","","","100.16","","","","","","NA"
"-79.91","43.29","HAMILTON RBG CS","6153301","2020-03-28 15:00","2020","03","28","15:00","","M","","M","96","","","M","6","","10","","","","100.09","","","","","","NA"
"-79.91","43.29","HAMILTON RBG CS","6153301","2020-03-28 16:00","2020","03","28","16:00","","M","","M","96","","","M","6","","12","","","","100.07","","","","","","NA"
"-79.91","43.29","HAMILTON RBG CS","6153301","2020-03-28 17:00","2020","03","28","17:00","","M","","M","96","","","M","7","","14","","","","99.94","","","","","","NA"
"-79.91","43.29","HAMILTON RBG CS","6153301","2020-03-28 18:00","2020","03","28","18:00","","M","","M","95","","","M","7","","12","","","","99.93","","","","","","NA"
"-79.91","43.29","HAMILTON RBG CS","6153301","2020-03-28 19:00","2020","03","28","19:00","","M","","M","93","","","M","10","","11","","","","99.89","","","","","","NA"
"-79.91","43.29","HAMILTON RBG CS","6153301","2020-03-28 20:00","2020","03","28","20:00","","M","","M","93","","","M","9","","8","","","","99.80","","","","","","NA"
"-79.91","43.29","HAMILTON RBG CS","6153301","2020-03-28 21:00","2020","03","28","21:00","","M","","M","92","","","M","8","","9","","","","99.87","","","","","","NA"
"-79.91","43.29","HAMILTON RBG CS","6153301","2020-03-28 22:00","2020","03","28","22:00","","M","","M","91","","","M","8","","10","","","","99.89","","","","","","NA"
"-79.91","43.29","HAMILTON RBG CS","6153301","2020-03-28 23:00","2020","03","28","23:00","","M","","M","92","","","M","7","","12","","","","99.99","","","","","","NA"
"-79.91","43.29","HAMILTON RBG CS","6153301","2020-03-29 00:00","2020","03","29","00:00","","M","","M","92","","","M","7","","14","","","","100.03","","","","","","NA"
"-79.91","43.29","HAMILTON RBG CS","6153301","2020-03-29 01:00","2020","03","29","01:00","","M","","M","96","","","M","6","","13","","","","100.03","","","","","","NA"
"-79.91","43.29","HAMILTON RBG CS","6153301","2020-03-29 02:00","2020","03","29","02:00","","M","","M","98","","","M","6","","17","","","","99.99","","","","","","NA"
"-79.91","43.29","HAMILTON RBG CS","6153301","2020-03-29 03:00","2020","03","29","03:00","","M","","M","98","","","M","6","","16","","","","99.95","","","","","","NA"
"-79.91","43.29","HAMILTON RBG CS","6153301","2020-03-29 04:00","2020","03","29","04:00","","M","","M","98","","","M","6","","14","","","","99.93","","","","","","NA"
"-79.91","43.29","HAMILTON RBG CS","6153301","2020-03-29 05:00","2020","03","29","05:00","","M","","M","99","","","M","6","","16","","","","99.85","","","","","","NA"
"-79.91","43.29","HAMILTON RBG CS","6153301","2020-03-29 06:00","2020","03","29","06:00","","M","","M","99","","","M","6","","14","","","","99.75","","","","","","NA"
"-79.91","43.29","HAMILTON RBG CS","6153301","2020-03-29 07:00","2020","03","29","07:00","","M","","M","99","","","M","5","","13","","","","99.84","","","","","","NA"
"-79.91","43.29","HAMILTON RBG CS","6153301","2020-03-29 08:00","2020","03","29","08:00","","M","","M","100","","","M","5","","14","","","","99.57","","","","","","NA"
"-79.91","43.29","HAMILTON RBG CS","6153301","2020-03-29 09:00","2020","03","29","09:00","","M","","M","100","","","M","7","","10","","","","99.55","","","","","","NA"
"-79.91","43.29","HAMILTON RBG CS","6153301","2020-03-29 10:00","2020","03","29","10:00","","M","","M","100","","","M","7","","9","","","","99.40","","","","","","NA"
"-79.91","43.29","HAMILTON RBG CS","6153301","2020-03-29 11:00","2020","03","29","11:00","","M","","M","100","","","M","7","","12","","","","99.28","","","","","","NA"
"-79.91","43.29","HAMILTON RBG CS","6153301","2020-03-29 12:00","2020","03","29","12:00","","M","","M","100","","","M","6","","12","","","","99.22","","","","","","NA"
"-79.91","43.29","HAMILTON RBG CS","6153301","2020-03-29 13:00","2020","03","29","13:00","","M","","M","100","","","M","6","","13","","","","99.04","","","","","","NA"
"-79.91","43.29","HAMILTON RBG CS","6153301","2020-03-29 14:00","2020","03","29","14:00","","M","","M","100","","","M","6","","8","","","","98.93","","","","","","NA"
"-79.91","43.29","HAMILTON RBG CS","6153301","2020-03-29 15:00","2020","03","29","15:00","","M","","M","100","","","M","13","","3","","","","98.87","","","","","","NA"
"-79.91","43.29","HAMILTON RBG CS","6153301","2020-03-29 16:00","2020","03","29","16:00","","M","","M","100","","","M","","","0","","","","98.82","","","","","","NA"
"-79.91","43.29","HAMILTON RBG CS","6153301","2020-03-29 17:00","2020","03","29","17:00","","M","","M","96","","","M","15","","3","","","","98.72","","","","","","NA"
"-79.91","43.29","HAMILTON RBG CS","6153301","2020-03-29 18:00","2020","03","29","18:00","","M","","M","93","","","M","15","","4","","","","98.67","","","","","","NA"
"-79.91","43.29","HAMILTON RBG CS","6153301","2020-03-29 19:00","2020","03","29","19:00","","M","","M","50","","","M","24","","22","","","","98.64","","","","","","NA"
"-79.91","43.29","HAMILTON RBG CS","6153301","2020-03-29 20:00","2020","03","29","20:00","","M","","M","47","","","M","26","","29","","","","98.75","","","","","","NA"
"-79.91","43.29","HAMILTON RBG CS","6153301","2020-03-29 21:00","2020","03","29","21:00","","M","","M","49","","","M","26","","32","","","","98.92","","","","","","NA"
"-79.91","43.29","HAMILTON RBG CS","6153301","2020-03-29 22:00","2020","03","29","22:00","","M","","M","50","","","M","25","","25","","","","99.10","","","","","","NA"
"-79.91","43.29","HAMILTON RBG CS","6153301","2020-03-29 23:00","2020","03","29","23:00","","M","","M","54","","","M","26","","27","","","","99.21","","","","","","NA"
"-79.91","43.29","HAMILTON RBG CS","6153301","2020-03-30 00:00","2020","03","30","00:00","","M","","M","68","","","M","25","","22","","","","99.35","","","","","","NA"
"-79.91","43.29","HAMILTON RBG CS","6153301","2020-03-30 01:00","2020","03","30","01:00","","M","","M","70","","","M","25","","14","","","","99.49","","","","","","NA"
"-79.91","43.29","HAMILTON RBG CS","6153301","2020-03-30 02:00","2020","03","30","02:00","","M","","M","71","","","M","25","","11","","","","99.54","","","","","","NA"
"-79.91","43.29","HAMILTON RBG CS","6153301","2020-03-30 03:00","2020","03","30","03:00","","M","","M","71","","","M","24","","12","","","","99.54","","","","","","NA"
"-79.91","43.29","HAMILTON RBG CS","6153301","2020-03-30 04:00","2020","03","30","04:00","","M","","M","70","","","M","25","","10","","","","99.49","","","","","","NA"
"-79.91","43.29","HAMILTON RBG CS","6153301","2020-03-30 05:00","2020","03","30","05:00","","M","","M","69","","","M","25","","11","","","","99.47","","","","","","NA"
"-79.91","43.29","HAMILTON RBG CS","6153301","2020-03-30 06:00","2020","03","30","06:00","","M","","M","70","","","M","25","","8","","","","99.43","","","","","","NA"
"-79.91","43.29","HAMILTON RBG CS","6153301","2020-03-30 07:00","2020","03","30","07:00","","M","","M","71","","","M","25","","8","","","","99.39","","","","","","NA"
"-79.91","43.29","HAMILTON RBG CS","6153301","2020-03-30 08:00","2020","03","30","08:00","","M","","M","77","","","M","26","","10","","","","99.39","","","","","","NA"
"-79.91","43.29","HAMILTON RBG CS","6153301","2020-03-30 09:00","2020","03","30","09:00","","M","","M","72","","","M","25","","12","","","","99.44","","","","","","NA"
"-79.91","43.29","HAMILTON RBG CS","6153301","2020-03-30 10:00","2020","03","30","10:00","","M","","M","71","","","M","26","","15","","","","99.48","","","","","","NA"
"-79.91","43.29","HAMILTON RBG CS","6153301","2020-03-30 11:00","2020","03","30","11:00","","M","","M","73","","","M","26","","11","","","","99.53","","","","","","NA"
"-79.91","43.29","HAMILTON RBG CS","6153301","2020-03-30 12:00","2020","03","30","12:00","","M","","M","73","","","M","26","","12","","","","99.60","","","","","","NA"
"-79.91","43.29","HAMILTON RBG CS","6153301","2020-03-30 13:00","2020","03","30","13:00","","M","","M","85","","","M","28","","14","","","","99.69","","","","","","NA"
"-79.91","43.29","HAMILTON RBG CS","6153301","2020-03-30 14:00","2020","03","30","14:00","","M","","M","79","","","M","25","","13","","","","99.70","","","","","","NA"
"-79.91","43.29","HAMILTON RBG CS","6153301","2020-03-30 15:00","2020","03","30","15:00","","M","","M","79","","","M","26","","14","","","","99.76","","","","","","NA"
"-79.91","43.29","HAMILTON RBG CS","6153301","2020-03-30 16:00","2020","03","30","16:00","","M","","M","74","","","M","27","","17","","","","99.80","","","","","","NA"
"-79.91","43.29","HAMILTON RBG CS","6153301","2020-03-30 17:00","2020","03","30","17:00","","M","","M","73","","","M","26","","16","","","","99.83","","","","","","NA"
"-79.91","43.29","HAMILTON RBG CS","6153301","2020-03-30 18:00","2020","03","30","18:00","","M","","M","74","","","M","26","","14","","","","99.88","","","","","","NA"
"-79.91","43.29","HAMILTON RBG CS","6153301","2020-03-30 19:00","2020","03","30","19:00","","M","","M","75","","","M","27","","15","","","","99.91","","","","","","NA"
"-79.91","43.29","HAMILTON RBG CS","6153301","2020-03-30 20:00","2020","03","30","20:00","","M","","M","74","","","M","27","","16","","","","99.94","","","","","","NA"
"-79.91","43.29","HAMILTON RBG CS","6153301","2020-03-30 21:00","2020","03","30","21:00","","M","","M","74","","","M","26","","14","","","","99.99","","","","","","NA"
"-79.91","43.29","HAMILTON RBG CS","6153301","2020-03-30 22:00","2020","03","30","22:00","","M","","M","73","","","M","28","","13","","","","100.08","","","","","","NA"
"-79.91","43.29","HAMILTON RBG CS","6153301","2020-03-30 23:00","2020","03","30","23:00","","M","","M","72","","","M","30","","12","","","","100.17","","","","","","NA"
"-79.91","43.29","HAMILTON RBG CS","6153301","2020-03-31 00:00","2020","03","31","00:00","","M","","M","74","","","M","29","","12","","","","100.24","","","","","","NA"
"-79.91","43.29","HAMILTON RBG CS","6153301","2020-03-31 01:00","2020","03","31","01:00","","M","","M","76","","","M","29","","10","","","","100.30","","","","","","NA"
"-79.91","43.29","HAMILTON RBG CS","6153301","2020-03-31 02:00","2020","03","31","02:00","","M","","M","78","","","M","30","","10","","","","100.30","","","","","","NA"
"-79.91","43.29","HAMILTON RBG CS","6153301","2020-03-31 03:00","2020","03","31","03:00","","M","","M","80","","","M","29","","7","","","","100.30","","","","","","NA"
"-79.91","43.29","HAMILTON RBG CS","6153301","2020-03-31 04:00","2020","03","31","04:00","","M","","M","82","","","M","25","","3","","","","100.28","","","","","","NA"
"-79.91","43.29","HAMILTON RBG CS","6153301","2020-03-31 05:00","2020","03","31","05:00","","M","","M","84","","","M","28","","7","","","","100.30","","","","","","NA"
"-79.91","43.29","HAMILTON RBG CS","6153301","2020-03-31 06:00","2020","03","31","06:00","","M","","M","85","","","M","23","","6","","","","100.33","","","","","","NA"
"-79.91","43.29","HAMILTON RBG CS","6153301","2020-03-31 07:00","2020","03","31","07:00","","M","","M","86","","","M","28","","5","","","","100.31","","","","","","NA"
"-79.91","43.29","HAMILTON RBG CS","6153301","2020-03-31 08:00","2020","03","31","08:00","","M","","M","88","","","M","26","","4","","","","100.30","","","","","","NA"
"-79.91","43.29","HAMILTON RBG CS","6153301","2020-03-31 09:00","2020","03","31","09:00","","M","","M","89","","","M","","","0","","","","100.27","","","","","","NA"
"-79.91","43.29","HAMILTON RBG CS","6153301","2020-03-31 10:00","2020","03","31","10:00","","M","","M","90","","","M","","","0","","","","100.35","","","","","","NA"
"-79.91","43.29","HAMILTON RBG CS","6153301","2020-03-31 11:00","2020","03","31","11:00","","M","","M","94","","","M","","","0","","","","100.38","","","","","","NA"
"-79.91","43.29","HAMILTON RBG CS","6153301","2020-03-31 12:00","2020","03","31","12:00","","M","","M","94","","","M","","","0","","","","100.38","","","","","","NA"
"-79.91","43.29","HAMILTON RBG CS","6153301","2020-03-31 13:00","2020","03","31","13:00","","M","","M","89","","","M","4","","8","","","","100.37","","","","","","NA"
"-79.91","43.29","HAMILTON RBG CS","6153301","2020-03-31 14:00","2020","03","31","14:00","","M","","M","91","","","M","5","","7","","","","100.36","","","","","","NA"
"-79.91","43.29","HAMILTON RBG CS","6153301","2020-03-31 15:00","2020","03","31","15:00","","M","","M","94","","","M","10","","10","","","","100.34","","","","","","NA"
"-79.91","43.29","HAMILTON RBG CS","6153301","2020-03-31 16:00","2020","03","31","16:00","","M","","M","98","","","M","8","","16","","","","100.37","","","","","","NA"
"-79.91","43.29","HAMILTON RBG CS","6153301","2020-03-31 17:00","2020","03","31","17:00","","M","","M","99","","","M","7","","11","","","","100.36","","","","","","NA"
"-79.91","43.29","HAMILTON RBG CS","6153301","2020-03-31 18:00","2020","03","31","18:00","","M","","M","91","","","M","8","","11","","","","100.36","","","","","","NA"
"-79.91","43.29","HAMILTON RBG CS","6153301","2020-03-31 19:00","2020","03","31","19:00","","M","","M","96","","","M","7","","10","","","","100.32","","","","","","NA"
"-79.91","43.29","HAMILTON RBG CS","6153301","2020-03-31 20:00","2020","03","31","20:00","","M","","M","97","","","M","6","","16","","","","100.24","","","","","","NA"
"-79.91","43.29","HAMILTON RBG CS","6153301","2020-03-31 21:00","2020","03","31","21:00","","M","","M","97","","","M","6","","16","","","","100.22","","","","","","NA"
"-79.91","43.29","HAMILTON RBG CS","6153301","2020-03-31 22:00","2020","03","31","22:00","","M","","M","98","","","M","7","","10","","","","100.28","","","","","","NA"
"-79.91","43.29","HAMILTON RBG CS","6153301","2020-03-31 23:00","2020","03","31","23:00","","M","","M","97","","","M","8","","12","","","","100.30","","","","","","NA"
